100 5.52e-07
200 9.58e-07
300 1.659e-06
400 2.144e-06
500 2.607e-06
600 2.953e-06
700 3.487e-06
800 4.024e-06
900 4.575e-06
1000 3.112e-06
1100 3.444e-06
1200 3.686e-06
1300 4.049e-06
1400 4.239e-06
1500 4.59e-06
1600 4.939e-06
1700 5.27e-06
1800 5.585e-06
1900 5.866e-06
2000 6.171e-06
2100 6.469e-06
2200 6.687e-06
2300 7.065e-06
2400 7.279e-06
2500 7.524e-06
2600 7.805e-06
2700 8.227e-06
2800 8.4e-06
2900 8.86e-06
3000 8.959e-06
3100 9.455e-06
3200 9.703e-06
3300 9.957e-06
3400 1.0233e-05
3500 1.0544e-05
3600 1.0942e-05
3700 1.1041e-05
3800 1.1456e-05
3900 1.1772e-05
4000 1.1904e-05
4100 1.2362e-05
4200 1.2767e-05
4300 1.2984e-05
4400 1.3251e-05
4500 1.3497e-05
4600 1.3866e-05
4700 1.4091e-05
4800 1.4412e-05
4900 1.2852e-05
5000 1.3051e-05
5100 1.3213e-05
5200 1.276e-05
5300 1.2964e-05
5400 1.3244e-05
5500 1.3865e-05
5600 1.4303e-05
5700 1.4472e-05
5800 1.4778e-05
5900 1.4877e-05
6000 1.621e-05
6100 1.7026e-05
6200 1.7954e-05
6300 1.7506e-05
6400 1.7236e-05
6500 1.6948e-05
6600 1.9604e-05
6700 1.9354e-05
6800 1.9611e-05
6900 2.0075e-05
7000 2.0322e-05
7100 2.0508e-05
7200 2.0732e-05
7300 2.1165e-05
7400 2.1325e-05
7500 2.147e-05
7600 2.1836e-05
7700 2.217e-05
7800 2.2485e-05
7900 2.2743e-05
8000 2.3068e-05
8100 2.332e-05
8200 2.3579e-05
8300 2.3698e-05
8400 2.1378e-05
8500 2.1529e-05
8600 2.1633e-05
8700 2.2041e-05
8800 2.2327e-05
8900 2.2558e-05
9000 2.261e-05
9100 3.2299e-05
9200 2.5457e-05
9300 2.5025e-05
9400 2.5342e-05
9500 2.4654e-05
9600 2.487e-05
9700 2.539e-05
9800 2.564e-05
9900 2.5703e-05
10000 2.5295e-05
10100 2.5333e-05
10200 2.5612e-05
10300 2.5948e-05
10400 2.6166e-05
10500 2.6368e-05
10600 2.6676e-05
10700 2.6903e-05
10800 2.9938e-05
10900 3.1326e-05
11000 3.0488e-05
11100 3.072e-05
11200 3.1415e-05
11300 3.1338e-05
11400 3.2368e-05
11500 6.4485e-05
11600 3.4957e-05
11700 3.3747e-05
11800 3.4036e-05
11900 3.3241e-05
12000 3.2284e-05
12100 3.2467e-05
12200 3.5063e-05
12300 3.5295e-05
12400 3.4445e-05
12500 3.4847e-05
12600 3.3806e-05
12700 3.4217e-05
12800 3.3237e-05
12900 3.3508e-05
13000 3.3838e-05
13100 3.4091e-05
13200 3.406e-05
13300 3.3352e-05
13400 3.3792e-05
13500 3.4002e-05
13600 3.4165e-05
13700 3.4519e-05
13800 3.4776e-05
13900 3.8605e-05
14000 3.7701e-05
14100 3.6541e-05
14200 3.6867e-05
14300 3.7039e-05
14400 3.7406e-05
14500 3.7664e-05
14600 3.8117e-05
14700 3.815e-05
14800 3.7209e-05
14900 3.7424e-05
15000 3.7777e-05
15100 3.7995e-05
15200 3.8504e-05
15300 3.8226e-05
15400 3.8608e-05
15500 3.8962e-05
15600 4.0321e-05
15700 4.0619e-05
15800 3.9719e-05
15900 3.9995e-05
16000 4.07e-05
16100 4.0417e-05
16200 4.0943e-05
16300 4.9097e-05
16400 4.3863e-05
16500 4.2828e-05
16600 4.2905e-05
16700 4.2977e-05
16800 4.2299e-05
16900 4.2349e-05
17000 4.2752e-05
17100 4.2893e-05
17200 4.3375e-05
17300 4.3563e-05
17400 4.3666e-05
17500 4.3734e-05
17600 4.4254e-05
17700 4.4378e-05
17800 4.4625e-05
17900 4.5179e-05
18000 4.6654e-05
18100 4.7049e-05
18200 4.7127e-05
18300 4.7324e-05
18400 4.6297e-05
18500 4.6692e-05
18600 4.689e-05
18700 4.7032e-05
18800 4.7386e-05
18900 4.7335e-05
19000 4.7766e-05
19100 4.8023e-05
19200 4.8122e-05
19300 4.8207e-05
19400 4.8767e-05
19500 4.8904e-05
19600 5.3631e-05
19700 5.1032e-05
19800 5.1189e-05
19900 5.1354e-05
20000 5.1752e-05
20100 5.2164e-05
20200 5.2356e-05
20300 5.2471e-05
20400 5.3055e-05
20500 5.2995e-05
20600 5.3386e-05
20700 5.327e-05
20800 5.3901e-05
20900 6.4148e-05
21000 5.4389e-05
21100 5.4605e-05
21200 6.8615e-05
21300 5.5102e-05
21400 5.5632e-05
21500 5.5547e-05
21600 5.6017e-05
21700 5.6292e-05
21800 5.672e-05
21900 7.1028e-05
22000 5.8822e-05
22100 5.91e-05
22200 5.9583e-05
22300 5.9772e-05
22400 5.9757e-05
22500 5.8215e-05
22600 6.2704e-05
22700 6.2673e-05
22800 6.0981e-05
22900 5.9214e-05
23000 5.9408e-05
23100 5.9654e-05
23200 6.0219e-05
23300 6.0134e-05
23400 6.5361e-05
23500 5.9202e-05
23600 7.6831e-05
23700 5.9337e-05
23800 9.0147e-05
23900 5.9753e-05
24000 6.0066e-05
24100 6.0476e-05
24200 7.4862e-05
24300 6.2816e-05
24400 6.2908e-05
24500 6.3581e-05
24600 6.1475e-05
24700 6.1629e-05
24800 6.2126e-05
24900 6.23e-05
25000 6.4452e-05
25100 6.3018e-05
25200 6.3271e-05
25300 6.3509e-05
25400 6.3561e-05
25500 6.4299e-05
25600 6.4127e-05
25700 6.4438e-05
25800 6.9518e-05
25900 6.9171e-05
26000 6.7152e-05
26100 6.7663e-05
26200 6.7873e-05
26300 6.8042e-05
26400 7.6592e-05
26500 6.7307e-05
26600 6.8973e-05
26700 6.6982e-05
26800 6.7432e-05
26900 6.7175e-05
27000 6.7467e-05
27100 6.8237e-05
27200 6.8194e-05
27300 7.0764e-05
27400 7.1105e-05
27500 7.1083e-05
27600 7.145e-05
27700 7.1797e-05
27800 7.2606e-05
27900 7.074e-05
28000 7.2622e-05
28100 7.2776e-05
28200 7.2811e-05
28300 7.3315e-05
28400 7.3512e-05
28500 7.4193e-05
28600 7.389e-05
28700 7.8857e-05
28800 7.6874e-05
28900 7.7112e-05
29000 7.7499e-05
29100 7.7701e-05
29200 7.8233e-05
29300 7.8949e-05
29400 7.8512e-05
29500 7.8982e-05
29600 7.9283e-05
29700 7.9281e-05
29800 7.9519e-05
29900 7.9898e-05
30000 8.0038e-05
30100 8.0256e-05
30200 8.0951e-05
30300 8.0897e-05
30400 8.4269e-05
30500 8.4303e-05
30600 8.9082e-05
30700 8.5031e-05
30800 9.5531e-05
30900 8.5641e-05
31000 8.5711e-05
31100 8.5974e-05
31200 8.6338e-05
31300 8.6568e-05
31400 8.6719e-05
31500 9.4518e-05
31600 8.7422e-05
31700 8.2092e-05
31800 8.1882e-05
31900 8.0116e-05
32000 8.0339e-05
32100 8.0533e-05
32200 8.0729e-05
32300 0.000109023
32400 8.888e-05
32500 8.9706e-05
32600 9.0266e-05
32700 9.0665e-05
32800 9.0653e-05
32900 9.0806e-05
33000 9.1327e-05
33100 9.1725e-05
33200 9.2621e-05
33300 9.1971e-05
33400 9.2339e-05
33500 9.2196e-05
33600 0.000160764
33700 8.7334e-05
33800 8.7611e-05
33900 9.0216e-05
34000 8.7689e-05
34100 8.7913e-05
34200 8.5759e-05
34300 8.6105e-05
34400 8.6101e-05
34500 8.655e-05
34600 8.8199e-05
34700 8.7043e-05
34800 8.6992e-05
34900 8.7669e-05
35000 8.7812e-05
35100 0.000118202
35200 9.4098e-05
35300 9.4141e-05
35400 9.4632e-05
35500 9.3836e-05
35600 9.4896e-05
35700 9.5513e-05
35800 9.5655e-05
35900 9.6195e-05
36000 9.617e-05
36100 9.6959e-05
36200 9.6662e-05
36300 9.7963e-05
36400 0.000126718
36500 9.7819e-05
36600 9.8008e-05
36700 9.6964e-05
36800 9.8251e-05
36900 9.8518e-05
37000 9.8697e-05
37100 9.9135e-05
37200 9.9374e-05
37300 9.9458e-05
37400 9.9942e-05
37500 0.000100215
37600 0.000100607
37700 0.00010098
37800 0.000137157
37900 0.000101544
38000 0.000101297
38100 0.000101977
38200 0.000101649
38300 0.000102331
38400 0.000102893
38500 0.00010254
38600 0.000102858
38700 0.00010307
38800 0.000103757
38900 0.000103833
39000 0.000104348
39100 0.000104775
39200 0.000136174
39300 0.000105131
39400 0.000105518
39500 0.000105553
39600 0.000105929
39700 0.000107476
39800 9.9719e-05
39900 9.9828e-05
40000 0.000100105
40100 0.00010016
40200 0.000100301
40300 9.745e-05
40400 9.8677e-05
40500 9.8741e-05
40600 9.829e-05
40700 0.000105205
40800 0.000105426
40900 0.000102746
41000 0.000141417
41100 0.000103238
41200 0.000165009
41300 0.000106503
41400 0.000107192
41500 0.000106951
41600 0.000112333
41700 0.000107648
41800 0.000108323
41900 0.000108665
42000 0.000108411
42100 0.000108945
42200 0.000108982
42300 0.000109491
42400 0.000109466
42500 0.000110212
42600 0.00011981
42700 0.000110636
42800 0.000110524
42900 0.00011101
43000 0.000110739
43100 0.00011138
43200 0.000107981
43300 0.000108559
43400 0.000108698
43500 0.00010897
43600 0.000109048
43700 0.000115996
43800 0.000109884
43900 0.000113797
44000 0.000113574
44100 0.000119428
44200 0.000114954
44300 0.000114918
44400 0.000115233
44500 0.000115097
44600 0.000115453
44700 0.000116117
44800 0.000116221
44900 0.000116143
45000 0.000123273
45100 0.000116379
45200 0.000117369
45300 0.000195861
45400 0.000117599
45500 0.000113918
45600 0.000114257
45700 0.000114321
45800 0.000114659
45900 0.000115008
46000 0.000115215
46100 0.000116883
46200 0.000118077
46300 0.000115448
46400 0.000112963
46500 0.000112977
46600 0.000113188
46700 0.000116707
46800 0.000117391
46900 0.000117506
47000 0.000117407
47100 0.000114295
47200 0.00011417
47300 0.000114868
47400 0.000114968
47500 0.000115655
47600 0.000115622
47700 0.000115923
47800 0.000115953
47900 0.000113741
48000 0.000113225
48100 0.000113147
48200 0.000120363
48300 0.000120931
48400 0.000121197
48500 0.000117793
48600 0.000118175
48700 0.000117846
48800 0.000118971
48900 0.000118828
49000 0.000118842
49100 0.000119405
49200 0.000120806
49300 0.000116141
49400 0.000116312
49500 0.00011632
49600 0.000117462
49700 0.000120772
49800 0.000120845
49900 0.000121414
50000 0.000121354
50100 0.000122458
50200 0.000126514
50300 0.000190116
50400 0.000130032
50500 0.000130656
50600 0.000138146
50700 0.000131077
50800 0.000131146
50900 0.00012985
51000 0.000131813
51100 0.000132071
51200 0.00013201
51300 0.000132369
51400 0.000134039
51500 0.000133276
51600 0.000134463
51700 0.000133698
51800 0.000134647
51900 0.000134091
52000 0.0001428
52100 0.000135841
52200 0.000134989
52300 0.000135101
52400 0.000135396
52500 0.000135695
52600 0.000138504
52700 0.000136807
52800 0.000136421
52900 0.000136752
53000 0.000137341
53100 0.000136921
53200 0.000138621
53300 0.000137757
53400 0.000144919
53500 0.000138495
53600 0.000138789
53700 0.000138686
53800 0.000139796
53900 0.000139686
54000 0.000140997
54100 0.000140374
54200 0.000233616
54300 0.000142158
54400 0.000141017
54500 0.000140734
54600 0.000141108
54700 0.000141811
54800 0.000141636
54900 0.000142091
55000 0.000142503
55100 0.000142529
55200 0.000142754
55300 0.0001441
55400 0.000147659
55500 0.000143135
55600 0.000143631
55700 0.000143777
55800 0.000189515
55900 0.000144625
56000 0.000144108
56100 0.00013941
56200 0.00014533
56300 0.000145285
56400 0.000145843
56500 0.000146022
56600 0.000146161
56700 0.000147128
56800 0.000147179
56900 0.000146832
57000 0.000147909
57100 0.000147349
57200 0.000147894
57300 0.000148702
57400 0.000148293
57500 0.000144047
57600 0.000144212
57700 0.000144402
57800 0.000156668
57900 0.000144802
58000 0.0001499
58100 0.00015016
58200 0.000150495
58300 0.000145743
58400 0.000147885
58500 0.000146676
58600 0.00014667
58700 0.000146467
58800 0.000147673
58900 0.000147449
59000 0.000147582
59100 0.000148116
59200 0.000171207
59300 0.00015336
59400 0.000153091
59500 0.000149854
59600 0.000149093
59700 0.00014966
59800 0.000149312
59900 0.000149943
60000 0.000150102
60100 0.000150383
60200 0.00015094
60300 0.000150766
60400 0.000151279
60500 0.000156415
60600 0.000156476
60700 0.00015672
60800 0.000157468
60900 0.000158002
61000 0.000260408
61100 0.000157987
61200 0.00015829
61300 0.000158309
61400 0.000158927
61500 0.000159035
61600 0.00017473
61700 0.000159292
61800 0.000159761
61900 0.000159877
62000 0.000160106
62100 0.000160727
62200 0.00016096
62300 0.000161164
62400 0.000161276
62500 0.00016437
62600 0.000161741
62700 0.000182574
62800 0.000164523
62900 0.000162566
63000 0.00016328
63100 0.000162874
63200 0.000163634
63300 0.000249783
63400 0.000163894
63500 0.000164185
63600 0.000164454
63700 0.000164571
63800 0.000178477
63900 0.000165233
64000 0.000165637
64100 0.000166237
64200 0.000164339
64300 0.000166417
64400 0.000166285
64500 0.000166764
64600 0.000167047
64700 0.000166933
64800 0.000167478
64900 0.00016773
65000 0.000168751
65100 0.000168007
65200 0.000172366
65300 0.000168661
65400 0.000168616
65500 0.000169076
65600 0.000169788
65700 0.000170538
65800 0.000170352
65900 0.000170302
66000 0.00017042
66100 0.000171296
66200 0.000170995
66300 0.000169049
66400 0.000182487
66500 0.000172004
66600 0.000171719
66700 0.000172609
66800 0.000172792
66900 0.000172399
67000 0.000172755
67100 0.000173704
67200 0.000173899
67300 0.000173834
67400 0.000172835
67500 0.000174858
67600 0.000174591
67700 0.000174718
67800 0.000174872
67900 0.000175179
68000 0.000176414
68100 0.000270341
68200 0.000176417
68300 0.000176443
68400 0.000171139
68500 0.000204414
68600 0.000171688
68700 0.00017237
68800 0.000176612
68900 0.000172729
69000 0.000172558
69100 0.000168992
69200 0.00016886
69300 0.000345966
69400 0.000179292
69500 0.000179192
69600 0.000179993
69700 0.00018182
69800 0.00038386
69900 0.000180606
70000 0.000180753
70100 0.00018163
70200 0.000184626
70300 0.000182739
70400 0.000181336
70500 0.00018168
70600 0.000182512
70700 0.000183068
70800 0.000183701
70900 0.000182771
71000 0.000177611
71100 0.000183787
71200 0.000183306
71300 0.000184137
71400 0.000178604
71500 0.00017858
71600 0.000178969
71700 0.000179123
71800 0.000180625
71900 0.000188662
72000 0.000180151
72100 0.000181067
72200 0.000187328
72300 0.000180777
72400 0.000181044
72500 0.000181042
72600 0.000199392
72700 0.000181696
72800 0.000182
72900 0.000182479
73000 0.000182966
73100 0.0001832
73200 0.000183126
73300 0.000183318
73400 0.000353374
73500 0.000190079
73600 0.000190482
73700 0.000191932
73800 0.000189453
73900 0.000191261
74000 0.000191542
74100 0.000194326
74200 0.000192151
74300 0.000186126
74400 0.000186207
74500 0.00019124
74600 0.000192955
74700 0.000193027
74800 0.00019305
74900 0.00020572
75000 0.000185675
75100 0.000187606
75200 0.000188574
75300 0.000189772
75400 0.000188703
75500 0.000183789
75600 0.000184524
75700 0.000610887
75800 0.000189941
75900 0.000196248
76000 0.000190425
76100 0.000189979
76200 0.000190361
76300 0.000190866
76400 0.00019141
76500 0.000191243
76600 0.000185476
76700 0.000185881
76800 0.000186179
76900 0.000192384
77000 0.00019264
77100 0.000193013
77200 0.000193022
77300 0.000202004
77400 0.000195587
77500 0.000194012
77600 0.000194619
77700 0.000201855
77800 0.000194192
77900 0.000191259
78000 0.000496513
78100 0.0002035
78200 0.000201995
78300 0.000202437
78400 0.000204007
78500 0.000390142
78600 0.000203314
78700 0.000202925
78800 0.000203275
78900 0.000232566
79000 0.000197848
79100 0.000200535
79200 0.000191795
79300 0.000192381
79400 0.000193984
79500 0.000193889
79600 0.000204311
79700 0.000299696
79800 0.000199899
79900 0.000199535
80000 0.000199813
80100 0.000201022
80200 0.000200663
80300 0.000194706
80400 0.000189377
80500 0.000195393
80600 0.00019721
80700 0.00019596
80800 0.000196954
80900 0.000209009
81000 0.000209034
81100 0.000202843
81200 0.000203137
81300 0.000205035
81400 0.000203892
81500 0.000195
81600 0.000198347
81700 0.00019878
81800 0.000201802
81900 0.000220779
82000 0.000221974
82100 0.000212625
82200 0.000212196
82300 0.00021307
82400 0.000215384
82500 0.000219758
82600 0.000220748
82700 0.000213354
82800 0.000213477
82900 0.000220443
83000 0.000214057
83100 0.000214492
83200 0.000214931
83300 0.000215286
83400 0.000208613
83500 0.000209387
83600 0.00021431
83700 0.000210839
83800 0.000209299
83900 0.00022301
84000 0.000217716
84100 0.00038644
84200 0.000210511
84300 0.000210856
84400 0.000212409
84500 0.000212246
84600 0.000205267
84700 0.000222392
84800 0.000212229
84900 0.000212514
85000 0.000212353
85100 0.000212881
85200 0.000218215
85300 0.000214247
85400 0.000213897
85500 0.000216963
85600 0.000214359
85700 0.000522003
85800 0.000229024
85900 0.000222482
86000 0.00022219
86100 0.000216468
86200 0.000231556
86300 0.000230648
86400 0.000230297
86500 0.000231492
86600 0.00046507
86700 0.000232163
86800 0.000231422
86900 0.000231656
87000 0.000231945
87100 0.000232329
87200 0.000217895
87300 0.000218609
87400 0.000218762
87500 0.000231367
87600 0.000230835
87700 0.000220008
87800 0.0002272
87900 0.000219962
88000 0.000220239
88100 0.000252291
88200 0.000228083
88300 0.000220891
88400 0.000214417
88500 0.00021514
88600 0.000215103
88700 0.000225612
88800 0.000223014
88900 0.00022231
89000 0.000224447
89100 0.000222785
89200 0.00021665
89300 0.000216685
89400 0.000223689
89500 0.000224427
89600 0.000224075
89700 0.000224556
89800 0.000256688
89900 0.000232541
90000 0.000231971
90100 0.000225408
90200 0.00023241
90300 0.00022622
90400 0.000225882
90500 0.000236469
90600 0.000226949
90700 0.000227129
90800 0.000227526
90900 0.000227607
91000 0.000231552
91100 0.000232907
91200 0.000228735
91300 0.00022858
91400 0.000228285
91500 0.000229396
91600 0.000229837
91700 0.000229888
91800 0.000234598
91900 0.000231002
92000 0.000230156
92100 0.000237596
92200 0.000240534
92300 0.000231199
92400 0.000246451
92500 0.000325394
92600 0.000234204
92700 0.000231625
92800 0.000225829
92900 0.000225209
93000 0.000219683
93100 0.000620931
93200 0.000233123
93300 0.000233765
93400 0.000233681
93500 0.000233777
93600 0.000235818
93700 0.000234253
93800 0.000234435
93900 0.000235094
94000 0.000235118
94100 0.000235596
94200 0.000243152
94300 0.000236909
94400 0.00023587
94500 0.000237997
94600 0.000236967
94700 0.000244291
94800 0.000238045
94900 0.000237662
95000 0.00023789
95100 0.00023973
95200 0.000476619
95300 0.000240391
95400 0.000239217
95500 0.000240715
95600 0.000239455
95700 0.000649312
95800 0.000240052
95900 0.000241007
96000 0.000239887
96100 0.00024673
96200 0.000280102
96300 0.000249112
96400 0.00025025
96500 0.000249484
96600 0.000483694
96700 0.000249802
96800 0.000256009
96900 0.000242513
97000 0.000242976
97100 0.000243106
97200 0.000243022
97300 0.00023725
97400 0.000237508
97500 0.000236059
97600 0.000237554
97700 0.000834359
97800 0.000267103
97900 0.000245393
98000 0.000244967
98100 0.000245418
98200 0.000246543
98300 0.000239164
98400 0.000238722
98500 0.000239268
98600 0.000239587
98700 0.000232824
98800 0.000249473
98900 0.000247534
99000 0.000247399
99100 0.000255979
99200 0.000259144
99300 0.000248725
99400 0.000248587
99500 0.000250114
99600 0.00024924
99700 0.000249888
99800 0.000249794
99900 0.000250228
100000 0.000250035
100100 0.000242573
100200 0.000244157
100300 0.000235719
100400 0.000236954
100500 0.000240312
100600 0.000237353
100700 0.000237892
100800 0.000237266
100900 0.000430297
101000 0.000246239
101100 0.000252778
101200 0.000245969
101300 0.000238956
101400 0.000244688
101500 0.000239327
101600 0.000241956
101700 0.000242583
101800 0.000241867
101900 0.000239879
102000 0.000240147
102100 0.000257308
102200 0.000257287
102300 0.000248098
102400 0.00024902
102500 0.000263369
102600 0.000245244
102700 0.00025959
102800 0.000249125
102900 0.000250851
103000 0.000251922
103100 0.000534215
103200 0.000257707
103300 0.000258456
103400 0.000252074
103500 0.000254131
103600 0.000260205
103700 0.000260379
103800 0.000260082
103900 0.000260012
104000 0.000259891
104100 0.000252405
104200 0.000252809
104300 0.000251032
104400 0.000245679
104500 0.00025446
104600 0.000247996
104700 0.000283863
104800 0.000262307
104900 0.00026269
105000 0.00026301
105100 0.000261797
105200 0.000255159
105300 0.000283307
105400 0.000271027
105500 0.000249222
105600 0.000249561
105700 0.000680268
105800 0.000265182
105900 0.000264983
106000 0.000265904
106100 0.000265509
106200 0.000278588
106300 0.000266953
106400 0.000268658
106500 0.000278457
106600 0.000258593
106700 0.0002759
106800 0.000276517
106900 0.000275971
107000 0.000276934
107100 0.000268005
107200 0.000267562
107300 0.000268549
107400 0.000269532
107500 0.000278647
107600 0.000261102
107700 0.000610318
107800 0.000269737
107900 0.000270574
108000 0.000270777
108100 0.000270349
108200 0.000285289
108300 0.000261863
108400 0.000281614
108500 0.000263117
108600 0.000262977
108700 0.000265385
108800 0.000281519
108900 0.000292011
109000 0.00027587
109100 0.000273001
109200 0.000273949
109300 0.000273361
109400 0.000290303
109500 0.000267353
109600 0.000266426
109700 0.000730836
109800 0.000275428
109900 0.000275069
110000 0.000276048
110100 0.000275399
110200 0.000275889
110300 0.000276749
110400 0.000267911
110500 0.000268655
110600 0.000269613
110700 0.000714384
110800 0.000292147
110900 0.00027841
111000 0.000278142
111100 0.000295291
111200 0.000280329
111300 0.000278898
111400 0.000279729
111500 0.000279029
111600 0.00028907
111700 0.000303845
111800 0.000280158
111900 0.000279672
112000 0.000280756
112100 0.000743024
112200 0.000290055
112300 0.000290157
112400 0.000281411
112500 0.000284377
112600 0.00027998
112700 0.000318596
112800 0.000274181
112900 0.000273637
113000 0.000273765
113100 0.000547778
113200 0.00028589
113300 0.000283651
113400 0.000284297
113500 0.000294644
113600 0.000284124
113700 0.000284717
113800 0.000284437
113900 0.000303796
114000 0.00029595
114100 0.00140438
114200 0.000286416
114300 0.000286784
114400 0.000286472
114500 0.000286304
114600 0.000278004
114700 0.000278077
114800 0.000285838
114900 0.000270935
115000 0.00028399
115100 0.000533288
115200 0.000288006
115300 0.000279327
115400 0.000281452
115500 0.000291509
115600 0.000272412
115700 0.000297408
115800 0.000273937
115900 0.000273307
116000 0.000273162
116100 0.000776148
116200 0.000290837
116300 0.000291178
116400 0.000291897
116500 0.000295187
116600 0.000311638
116700 0.000312224
116800 0.00031149
116900 0.000437864
117000 0.000301871
117100 0.000301887
117200 0.000293459
117300 0.000293208
117400 0.000293423
117500 0.000295565
117600 0.000294138
117700 0.000294336
117800 0.000336262
117900 0.000864165
118000 0.000296201
118100 0.000294912
118200 0.000296639
118300 0.000296081
118400 0.000296819
118500 0.00028769
118600 0.000287918
118700 0.000287966
118800 0.000289403
118900 0.000840046
119000 0.000298205
119100 0.000298486
119200 0.000298344
119300 0.000610703
119400 0.00030808
119500 0.000308287
119600 0.000309184
119700 0.000309793
119800 0.00030895
119900 0.000310269
120000 0.000309809
120100 0.000313614
120200 0.000333969
120300 0.000310765
120400 0.000310741
120500 0.000309961
120600 0.00030152
120700 0.000301827
120800 0.000293009
120900 0.000292902
121000 0.00030598
121100 0.000294488
121200 0.000303956
121300 0.000303922
121400 0.000303813
121500 0.000294452
121600 0.000296649
121700 0.000300909
121800 0.000296281
121900 0.000298248
122000 0.000296298
122100 0.000310359
122200 0.000305169
122300 0.000310246
122400 0.000321198
122500 0.000306688
122600 0.000645349
122700 0.000307069
122800 0.000307489
122900 0.000307035
123000 0.000311638
123100 0.000308809
123200 0.000308168
123300 0.000308147
123400 0.000315996
123500 0.000321583
123600 0.00031229
123700 0.00031898
123800 0.000300014
123900 0.000292773
124000 0.000292371
124100 0.000314312
124200 0.000310892
124300 0.000310435
124400 0.000310786
124500 0.000302765
124600 0.000302576
124700 0.000302187
124800 0.000303027
124900 0.000293784
125000 0.000902255
125100 0.000312826
125200 0.000314263
125300 0.00031305
125400 0.000317315
125500 0.00032041
125600 0.000313973
125700 0.000325234
125800 0.0003153
125900 0.000319449
126000 0.00033832
126100 0.000315286
126200 0.000316273
126300 0.00031618
126400 0.000316199
126500 0.000315264
126600 0.000316441
126700 0.000316724
126800 0.00031759
126900 0.000318653
127000 0.000318977
127100 0.00032812
127200 0.000319102
127300 0.000330128
127400 0.000319039
127500 0.000319335
127600 0.000318489
127700 0.000318775
127800 0.000319519
127900 0.000319505
128000 0.000351343
128100 0.000319984
128200 0.00114628
128300 0.000322116
128400 0.000437832
128500 0.000322488
128600 0.000338099
128700 0.000331751
128800 0.000322982
128900 0.000328082
129000 0.00063958
129100 0.00032298
129200 0.000322734
129300 0.000326282
129400 0.000324881
129500 0.0003238
129600 0.000325258
129700 0.000334095
129800 0.000315563
129900 0.000314861
130000 0.000589158
130100 0.000336647
130200 0.000326081
130300 0.000326207
130400 0.000325582
130500 0.000326136
130600 0.000392304
130700 0.000309789
130800 0.000308342
130900 0.000309521
131000 0.000344163
131100 0.000327905
131200 0.000328668
131300 0.000320216
131400 0.000335824
131500 0.000320508
131600 0.000327095
131700 0.000321365
131800 0.00032217
131900 0.000341154
132000 0.00034135
132100 0.000342931
132200 0.000353487
132300 0.000342804
132400 0.000343499
132500 0.000342413
132600 0.000356963
132700 0.00101401
132800 0.000343178
132900 0.00034324
133000 0.000343033
133100 0.000353168
133200 0.000333537
133300 0.000323328
133400 0.000314868
133500 0.000314432
133600 0.000535509
133700 0.00033911
133800 0.000334586
133900 0.000335564
134000 0.000335107
134100 0.000336182
134200 0.000315766
134300 0.000314861
134400 0.000317436
134500 0.000317344
134600 0.000349598
134700 0.000348211
134800 0.000351636
134900 0.00103785
135000 0.000350479
135100 0.000349372
135200 0.000348931
135300 0.000350084
135400 0.000351865
135500 0.000349779
135600 0.000354012
135700 0.000350436
135800 0.000776015
135900 0.00035481
136000 0.000351177
136100 0.000330117
136200 0.000330296
136300 0.000327278
136400 0.000325366
136500 0.000408167
136600 0.000321911
136700 0.000322909
136800 0.000552101
136900 0.000332009
137000 0.00033243
137100 0.000332962
137200 0.000337182
137300 0.000333976
137400 0.000334357
137500 0.000332997
137600 0.000334886
137700 0.000990016
137800 0.000344608
137900 0.00033417
138000 0.000336004
138100 0.000367715
138200 0.000324954
138300 0.00032664
138400 0.000328384
138500 0.000326654
138600 0.000345916
138700 0.000352018
138800 0.00035897
138900 0.000359345
139000 0.000337086
139100 0.000339079
139200 0.000338454
139300 0.000329352
139400 0.000328134
139500 0.00034623
139600 0.000350215
139700 0.000348833
139800 0.000350492
139900 0.000349532
140000 0.000341183
140100 0.000342548
140200 0.000342057
140300 0.000346193
140400 0.00101625
140500 0.000363902
140600 0.00036287
140700 0.000363468
140800 0.000805665
140900 0.000376223
141000 0.000364862
141100 0.000366238
141200 0.000689279
141300 0.000367056
141400 0.000364376
141500 0.000355635
141600 0.000598999
141700 0.00036865
141800 0.000368397
141900 0.000366322
142000 0.000366613
142100 0.000367151
142200 0.000367213
142300 0.000355414
142400 0.000417345
142500 0.000636007
142600 0.000368456
142700 0.000368308
142800 0.000402982
142900 0.000359342
143000 0.000364598
143100 0.000347979
143200 0.000348199
143300 0.000349437
143400 0.000369881
143500 0.000358904
143600 0.0003604
143700 0.000360814
143800 0.000359444
143900 0.000377961
144000 0.00035068
144100 0.000364795
144200 0.00104035
144300 0.000360674
144400 0.000367358
144500 0.000362733
144600 0.00036749
144700 0.00036913
144800 0.000362641
144900 0.000362249
145000 0.000365512
145100 0.000363765
145200 0.000365
145300 0.000353737
145400 0.00035273
145500 0.000397733
145600 0.000343884
145700 0.000355127
145800 0.000348155
145900 0.000356771
146000 0.000366666
146100 0.000366001
146200 0.000378806
146300 0.000356434
146400 0.000356204
146500 0.000358055
146600 0.000355537
146700 0.000345592
146800 0.00036068
146900 0.00036758
147000 0.000369081
147100 0.000368134
147200 0.000368366
147300 0.000368814
147400 0.000357465
147500 0.000359004
147600 0.000362644
147700 0.00142762
147800 0.00036987
147900 0.000370143
148000 0.000361722
148100 0.000396887
148200 0.000371867
148300 0.000373042
148400 0.000370901
148500 0.000371374
148600 0.000373371
148700 0.00037153
148800 0.000448122
148900 0.000405497
149000 0.000385616
149100 0.00037372
149200 0.00037379
149300 0.000374771
149400 0.000365138
149500 0.000362649
149600 0.000396644
149700 0.000363247
149800 0.0010231
149900 0.000374907
150000 0.000375239
150100 0.00042272
150200 0.000378811
150300 0.000376388
150400 0.000400869
150500 0.000378564
150600 0.000381647
150700 0.000379229
150800 0.000377772
150900 0.000377667
151000 0.000386204
151100 0.000386072
151200 0.00037897
151300 0.000380093
151400 0.000389429
151500 0.00039304
151600 0.000391183
151700 0.000393567
151800 0.000610161
151900 0.000392345
152000 0.000392693
152100 0.000380367
152200 0.000672731
152300 0.000381093
152400 0.000381189
152500 0.000381813
152600 0.000389875
152700 0.000398562
152800 0.00037117
152900 0.000361517
153000 0.00037221
153100 0.00086877
153200 0.000384031
153300 0.000384393
153400 0.000371879
153500 0.00038719
153600 0.000374432
153700 0.000362277
153800 0.00037889
153900 0.000363954
154000 0.000385947
154100 0.000387099
154200 0.000385834
154300 0.000900756
154400 0.000400032
154500 0.000389013
154600 0.000423142
154700 0.000387063
154800 0.00038697
154900 0.000387558
155000 0.000389145
155100 0.000875687
155200 0.000395618
155300 0.000388263
155400 0.000388804
155500 0.000393768
155600 0.000366517
155700 0.000367545
155800 0.000366172
155900 0.00036971
156000 0.000533695
156100 0.000378888
156200 0.000379043
156300 0.000420836
156400 0.000383525
156500 0.000384698
156600 0.00039397
156700 0.000386884
156800 0.000407838
156900 0.000394361
157000 0.000393281
157100 0.000393737
157200 0.000407212
157300 0.000393523
157400 0.00039664
157500 0.000396813
157600 0.000474812
157700 0.000395386
157800 0.000394537
157900 0.000394045
158000 0.000383405
158100 0.000385724
158200 0.000426819
158300 0.000382857
158400 0.000385201
158500 0.000941852
158600 0.000396887
158700 0.000397005
158800 0.000396894
158900 0.000397704
159000 0.00039782
159100 0.000399106
159200 0.000403698
159300 0.000876372
159400 0.000398129
159500 0.000401661
159600 0.000400262
159700 0.000400322
159800 0.000400106
159900 0.000401655
160000 0.0004025
160100 0.000403926
160200 0.00040104
160300 0.000402758
160400 0.000409745
160500 0.000403426
160600 0.000405499
160700 0.000403566
160800 0.00040425
160900 0.000426936
161000 0.000403505
161100 0.000405523
161200 0.000403667
161300 0.000404853
161400 0.000405985
161500 0.000445346
161600 0.000410596
161700 0.00041981
161800 0.000404247
161900 0.000404913
162000 0.000408807
162100 0.000485511
162200 0.000421619
162300 0.000423089
162400 0.000428059
162500 0.000436533
162600 0.000420142
162700 0.00042145
162800 0.000879784
162900 0.000424961
163000 0.000407932
163100 0.000408166
163200 0.000408561
163300 0.000409913
163400 0.000439395
163500 0.000400838
163600 0.000404146
163700 0.000409622
163800 0.000410191
163900 0.000465086
164000 0.000396965
164100 0.000398038
164200 0.000413529
164300 0.000402814
164400 0.000391917
164500 0.000412218
164600 0.000411942
164700 0.000413008
164800 0.000411869
164900 0.000420452
165000 0.000400201
165100 0.00040021
165200 0.000568095
165300 0.000403754
165400 0.000401013
165500 0.00038737
165600 0.000390555
165700 0.000392165
165800 0.000401212
165900 0.000390191
166000 0.000397034
166100 0.00111505
166200 0.000392627
166300 0.000408109
166400 0.00039813
166500 0.00039151
166600 0.000459284
166700 0.000392874
166800 0.000392667
166900 0.000394939
167000 0.000927942
167100 0.000396677
167200 0.00039526
167300 0.000395207
167400 0.000397593
167500 0.000404258
167600 0.00042605
167700 0.000395174
167800 0.000394954
167900 0.00081758
168000 0.000411414
168100 0.000395379
168200 0.00039794
168300 0.000723448
168400 0.000409308
168500 0.000410581
168600 0.000411003
168700 0.000409189
168800 0.000409331
168900 0.000409181
169000 0.000433885
169100 0.00132946
169200 0.000423312
169300 0.000410639
169400 0.000410786
169500 0.000399338
169600 0.000449334
169700 0.000401682
169800 0.000412695
169900 0.000400404
170000 0.000432255
170100 0.000429985
170200 0.000429409
170300 0.000483144
170400 0.000431374
170500 0.000459305
170600 0.000410295
170700 0.000730119
170800 0.000426941
170900 0.000428695
171000 0.000427186
171100 0.000435887
171200 0.000418007
171300 0.000415818
171400 0.000416292
171500 0.00124616
171600 0.000429386
171700 0.00043813
171800 0.000434453
171900 0.000407164
172000 0.000437388
172100 0.00040541
172200 0.000407901
172300 0.00136427
172400 0.000431396
172500 0.000431643
172600 0.000464395
172700 0.000460447
172800 0.000450232
172900 0.000419325
173000 0.000422384
173100 0.000740955
173200 0.000420691
173300 0.000429108
173400 0.000408723
173500 0.000409265
173600 0.00041349
173700 0.000410224
173800 0.000410752
173900 0.000490007
174000 0.000436383
174100 0.000448826
174200 0.000438214
174300 0.000436038
174400 0.000436078
174500 0.000437309
174600 0.000436554
174700 0.00180446
174800 0.000437877
174900 0.000438084
175000 0.00107536
175100 0.000453752
175200 0.000456135
175300 0.00045478
175400 0.000543091
175500 0.000431003
175600 0.000425756
175700 0.00042
175800 0.000414236
175900 0.000440382
176000 0.000440596
176100 0.000467554
176200 0.000427541
176300 0.000414779
176400 0.000417967
176500 0.000420318
176600 0.000470718
176700 0.000445424
176800 0.000442026
176900 0.000487215
177000 0.000429705
177100 0.000428968
177200 0.000443622
177300 0.000432749
177400 0.00141446
177500 0.000446453
177600 0.00044504
177700 0.000444195
177800 0.000454683
177900 0.000448782
178000 0.000446128
178100 0.00044763
178200 0.000463358
178300 0.000452754
178400 0.000456786
178500 0.000460207
178600 0.000568512
178700 0.000444314
178800 0.000421084
178900 0.000428149
179000 0.00101796
179100 0.000435237
179200 0.000434763
179300 0.000463821
179400 0.000423311
179500 0.000425376
179600 0.000428412
179700 0.000424885
179800 0.00158162
179900 0.000451004
180000 0.000450616
180100 0.000461024
180200 0.000450575
180300 0.000424218
180400 0.000429123
180500 0.000418423
180600 0.00116374
180700 0.000461033
180800 0.000441133
180900 0.00109347
181000 0.000453109
181100 0.000452103
181200 0.000458356
181300 0.000453199
181400 0.000455167
181500 0.000454263
181600 0.000454257
181700 0.000982922
181800 0.000455329
181900 0.000452914
182000 0.000455871
182100 0.000463016
182200 0.000462404
182300 0.000497662
182400 0.000436789
182500 0.000921952
182600 0.000443924
182700 0.000446662
182800 0.000444554
182900 0.000443188
183000 0.000466122
183100 0.000445662
183200 0.00157191
183300 0.000477633
183400 0.000459466
183500 0.000461344
183600 0.00048053
183700 0.000474586
183800 0.000473529
183900 0.000888311
184000 0.0004883
184100 0.000481736
184200 0.000476061
184300 0.000492843
184400 0.000475914
184500 0.00047848
184600 0.000479629
184700 0.000478405
184800 0.00047707
184900 0.000522934
185000 0.000482904
185100 0.000463329
185200 0.000450665
185300 0.000450554
185400 0.000920301
185500 0.000474447
185600 0.000474817
185700 0.000514152
185800 0.000496321
185900 0.000495635
186000 0.000498549
186100 0.00048005
186200 0.000480273
186300 0.00046828
186400 0.00084783
186500 0.000467065
186600 0.000467548
186700 0.000471282
186800 0.000453134
186900 0.000441567
187000 0.00044525
187100 0.0004655
187200 0.000469061
187300 0.00046759
187400 0.000469582
187500 0.000469581
187600 0.000442317
187700 0.000441959
187800 0.000445593
187900 0.000479597
188000 0.0004567
188100 0.000465469
188200 0.000496958
188300 0.000479281
188400 0.000523457
188500 0.000475797
188600 0.000483359
188700 0.000487324
188800 0.000487479
188900 0.000496301
189000 0.000489612
189100 0.000557256
189200 0.000490522
189300 0.000491823
189400 0.000854932
189500 0.000489899
189600 0.000490849
189700 0.000489714
189800 0.000543267
189900 0.000498195
190000 0.000492971
190100 0.00112586
190200 0.000477229
190300 0.000484595
190400 0.000490197
190500 0.0004932
190600 0.000492608
190700 0.000494602
190800 0.000479455
190900 0.000477771
191000 0.000464713
191100 0.000469213
191200 0.000510382
191300 0.000464771
191400 0.000484355
191500 0.00047465
191600 0.000485782
191700 0.000482883
191800 0.000484179
191900 0.00046834
192000 0.000465547
192100 0.000466289
192200 0.000469591
192300 0.0013115
192400 0.000487585
192500 0.000489097
192600 0.000593941
192700 0.000482305
192800 0.000482606
192900 0.000487525
193000 0.00115856
193100 0.00048354
193200 0.000482814
193300 0.00046076
193400 0.000492471
193500 0.000462658
193600 0.000464615
193700 0.000459775
193800 0.000456254
193900 0.000458654
194000 0.000466977
194100 0.000511924
194200 0.000775406
194300 0.000459308
194400 0.000456976
194500 0.000457633
194600 0.000472056
194700 0.000460115
194800 0.000471353
194900 0.000462423
195000 0.000745073
195100 0.000455219
195200 0.000463796
195300 0.000459394
195400 0.000919088
195500 0.000549705
195600 0.00046073
195700 0.000463611
195800 0.000496594
195900 0.000497606
196000 0.000490445
196100 0.000490012
196200 0.000489355
196300 0.000491405
196400 0.00049118
196500 0.000978754
196600 0.000463617
196700 0.000461634
196800 0.000464043
196900 0.000477669
197000 0.000465789
197100 0.000464179
197200 0.000465308
197300 0.000735448
197400 0.000467942
197500 0.000465984
197600 0.000467094
197700 0.000569339
197800 0.000466432
197900 0.00049445
198000 0.000483783
198100 0.000496001
198200 0.000496114
198300 0.000498837
198400 0.00049701
198500 0.000497323
198600 0.00053138
198700 0.00050736
198800 0.000501568
198900 0.000497579
199000 0.000528998
199100 0.000522399
199200 0.000529208
199300 0.000507423
199400 0.000501518
199500 0.000484167
199600 0.00046964
199700 0.000472759
199800 0.00103535
199900 0.000502707
200000 0.000531829
200100 0.00117544
200200 0.000506812
200300 0.00055183
200400 0.000488493
200500 0.000523975
200600 0.000508605
200700 0.000512205
200800 0.000493082
200900 0.000492106
201000 0.000489572
201100 0.000473681
201200 0.000518085
201300 0.000497555
201400 0.000495224
201500 0.000501487
201600 0.000497961
201700 0.000536332
201800 0.000490043
201900 0.000495725
202000 0.000506975
202100 0.000513311
202200 0.000498092
202300 0.00054796
202400 0.000491555
202500 0.00049097
202600 0.000496868
202700 0.00060489
202800 0.000506937
202900 0.000507712
203000 0.000519421
203100 0.000514382
203200 0.000512667
203300 0.000509455
203400 0.00092374
203500 0.000502459
203600 0.000501803
203700 0.000499979
203800 0.000495773
203900 0.000495182
204000 0.000495319
204100 0.00152254
204200 0.000511911
204300 0.000512858
204400 0.000546257
204500 0.00051549
204600 0.000526246
204700 0.000523632
204800 0.00145648
204900 0.000528821
205000 0.000530007
205100 0.00101765
205200 0.000515126
205300 0.00051349
205400 0.000501194
205500 0.000483976
205600 0.00048685
205700 0.000489731
205800 0.000495659
205900 0.000889544
206000 0.000490388
206100 0.000487221
206200 0.000486175
206300 0.000485791
206400 0.000491213
206500 0.000488514
206600 0.000499906
206700 0.000518733
206800 0.000518494
206900 0.000532311
207000 0.000521278
207100 0.00059311
207200 0.000535537
207300 0.00189231
207400 0.000535937
207500 0.000549789
207600 0.000542075
207700 0.000556047
207800 0.000541275
207900 0.000553027
208000 0.000822959
208100 0.000537935
208200 0.00053887
208300 0.000537887
208400 0.000587286
208500 0.00054009
208600 0.000537692
208700 0.000935385
208800 0.00054115
208900 0.000540948
209000 0.000541189
209100 0.000554376
209200 0.000546006
209300 0.000510219
209400 0.000527371
209500 0.00053538
209600 0.000516215
209700 0.000539475
209800 0.000494535
209900 0.000494064
210000 0.000496994
210100 0.00128225
210200 0.000528272
210300 0.000529149
210400 0.000515244
210500 0.000563607
210600 0.000511917
210700 0.000510665
210800 0.000704188
210900 0.000531416
211000 0.000533775
211100 0.00120481
211200 0.000528143
211300 0.000531054
211400 0.000529415
211500 0.000511962
211600 0.000513078
211700 0.000537171
211800 0.000527825
211900 0.000530728
212000 0.000517572
212100 0.000515606
212200 0.000498691
212300 0.000510915
212400 0.000522952
212500 0.000504766
212600 0.000507539
212700 0.000500901
212800 0.000501328
212900 0.000500977
213000 0.000508129
213100 0.000502319
213200 0.000502465
213300 0.000502715
213400 0.000513766
213500 0.000502818
213600 0.000503179
213700 0.000557478
213800 0.000513377
213900 0.000507698
214000 0.000508204
214100 0.000506764
214200 0.000537317
214300 0.000536716
214400 0.00053979
214500 0.000562661
214600 0.000537196
214700 0.000548828
214800 0.000531479
214900 0.000539201
215000 0.00054937
215100 0.000539149
215200 0.000543722
215300 0.000525863
215400 0.000532689
215500 0.00175298
215600 0.00054028
215700 0.00053471
215800 0.000586313
215900 0.000540416
216000 0.00052363
216100 0.000510688
216200 0.001721
216300 0.000541578
216400 0.000549163
216500 0.00120794
216600 0.000543403
216700 0.000541898
216800 0.000549951
216900 0.000548253
217000 0.0005428
217100 0.000607879
217200 0.00147378
217300 0.000544147
217400 0.000544674
217500 0.000549196
217600 0.000545611
217700 0.000514662
217800 0.000515962
217900 0.000964871
218000 0.000529898
218100 0.000530753
218200 0.000516124
218300 0.000526695
218400 0.000561005
218500 0.000524133
218600 0.000526369
218700 0.000548999
218800 0.000547257
218900 0.000559678
219000 0.00055033
219100 0.000570137
219200 0.00054963
219300 0.00106931
219400 0.000533936
219500 0.000533525
219600 0.000517847
219700 0.000530678
219800 0.000517566
219900 0.000520582
220000 0.000526443
220100 0.000554558
220200 0.000552592
220300 0.000541115
220400 0.000543188
220500 0.000544263
220600 0.000547125
220700 0.00119767
220800 0.000552531
220900 0.000553396
221000 0.000990975
221100 0.000560842
221200 0.000554181
221300 0.00183016
221400 0.000554459
221500 0.000554145
221600 0.001406
221700 0.000571971
221800 0.000584741
221900 0.000561127
222000 0.000553613
222100 0.000547214
222200 0.000585325
222300 0.00102023
222400 0.000555745
222500 0.000557199
222600 0.000565802
222700 0.000557389
222800 0.000566355
222900 0.000558762
223000 0.00094242
223100 0.000564629
223200 0.000525802
223300 0.000526114
223400 0.000530763
223500 0.000537158
223600 0.000527354
223700 0.00142991
223800 0.000561226
223900 0.000545023
224000 0.000547399
224100 0.000527554
224200 0.000550038
224300 0.000528599
224400 0.000565219
224500 0.000561034
224600 0.000562702
224700 0.000571885
224800 0.000560676
224900 0.000537058
225000 0.000545638
225100 0.00101628
225200 0.00056751
225300 0.000563786
225400 0.00122165
225500 0.000565469
225600 0.000564975
225700 0.00100152
225800 0.000586694
225900 0.000566185
226000 0.000565146
226100 0.00065739
226200 0.000555511
226300 0.000561637
226400 0.00106322
226500 0.00056796
226600 0.000569549
226700 0.000593243
226800 0.000552325
226900 0.000534296
227000 0.000534265
227100 0.00111038
227200 0.000552844
227300 0.000564352
227400 0.000556185
227500 0.000554328
227600 0.000552077
227700 0.000539802
227800 0.00107394
227900 0.000552683
228000 0.00058468
228100 0.00103938
228200 0.000571909
228300 0.000570859
228400 0.000575054
228500 0.000573088
228600 0.00058246
228700 0.0005729
228800 0.000988679
228900 0.000578713
229000 0.000573428
229100 0.000579171
229200 0.00057422
229300 0.000576097
229400 0.000588227
229500 0.00101514
229600 0.000579876
229700 0.000574851
229800 0.000966699
229900 0.000585042
230000 0.000575708
230100 0.00110921
230200 0.000559568
230300 0.000560962
230400 0.000543451
230500 0.000545981
230600 0.000545095
230700 0.000550988
230800 0.00168259
230900 0.000603884
231000 0.000596053
231100 0.000598411
231200 0.000574494
231300 0.000549327
231400 0.000561722
231500 0.000580464
231600 0.000587663
231700 0.000583956
231800 0.000588603
231900 0.000564498
232000 0.000546098
232100 0.00190309
232200 0.000581268
232300 0.000591454
232400 0.000563981
232500 0.00054955
232600 0.000548105
232700 0.00055889
232800 0.000750227
232900 0.000565596
233000 0.000569879
233100 0.000628015
233200 0.000558591
233300 0.000551006
233400 0.000552474
233500 0.000550577
233600 0.000551987
233700 0.000556972
233800 0.00142859
233900 0.0005748
234000 0.000570838
234100 0.00185779
234200 0.000588559
234300 0.000593171
234400 0.000591429
234500 0.000586929
234600 0.000624297
234700 0.000599003
234800 0.000591571
234900 0.000585955
235000 0.000560454
235100 0.000571246
235200 0.000578174
235300 0.000581907
235400 0.000564656
235500 0.000559494
235600 0.000583499
235700 0.000570095
235800 0.000630489
235900 0.000592866
236000 0.000614196
236100 0.00064294
236200 0.000592141
236300 0.000590634
236400 0.00096463
236500 0.000573997
236600 0.000574713
236700 0.000557253
236800 0.000557876
236900 0.000566357
237000 0.000558771
237100 0.000594892
237200 0.000595313
237300 0.000589866
237400 0.000577218
237500 0.00055962
237600 0.000565068
237700 0.0012778
237800 0.000579003
237900 0.000636232
238000 0.00118405
238100 0.000579002
238200 0.000582562
238300 0.00126394
238400 0.000599381
238500 0.000602414
238600 0.0014032
238700 0.000599774
238800 0.000580651
238900 0.000562356
239000 0.000568826
239100 0.000641272
239200 0.000569797
239300 0.00114874
239400 0.000583492
239500 0.000583561
239600 0.000592446
239700 0.000594558
239800 0.000592135
239900 0.000593567
240000 0.000614778
240100 0.000601462
240200 0.000600972
240300 0.000657894
240400 0.000583001
240500 0.000591366
240600 0.00173242
240700 0.000608531
240800 0.000605867
240900 0.000656388
241000 0.000600682
241100 0.00057258
241200 0.000570449
241300 0.000604731
241400 0.00060435
241500 0.000703662
241600 0.000615942
241700 0.000605162
241800 0.000611775
241900 0.00061705
242000 0.00060638
242100 0.000618704
242200 0.000609022
242300 0.000629536
242400 0.000604784
242500 0.00194149
242600 0.000606507
242700 0.000596934
242800 0.000913485
242900 0.000608614
243000 0.000608801
243100 0.000608156
243200 0.000577699
243300 0.000575548
243400 0.000582982
243500 0.000740824
243600 0.00057933
243700 0.000574982
243800 0.000584091
243900 0.000574489
244000 0.000575382
244100 0.000575082
244200 0.000586291
244300 0.000576228
244400 0.000620024
244500 0.00059596
244600 0.000593222
244700 0.000578682
244800 0.000579067
244900 0.000618287
245000 0.000613584
245100 0.000608543
245200 0.00057734
245300 0.000605418
245400 0.000580789
245500 0.00211233
245600 0.000635976
245700 0.000601965
245800 0.000578821
245900 0.000610246
246000 0.000587631
246100 0.000593723
246200 0.000628958
246300 0.00061549
246400 0.000617048
246500 0.000623569
246600 0.000624771
246700 0.000620674
246800 0.00119661
246900 0.00060409
247000 0.000582686
247100 0.000607712
247200 0.000586584
247300 0.000590167
247400 0.000600691
247500 0.000608559
247600 0.000602108
247700 0.000601112
247800 0.000596119
247900 0.000584901
248000 0.00058604
248100 0.00207179
248200 0.00062862
248300 0.000625158
248400 0.000645287
248500 0.000622547
248600 0.000659057
248700 0.000645417
248800 0.000622326
248900 0.000628751
249000 0.00175181
249100 0.000625782
249200 0.000624505
249300 0.000626334
249400 0.000624198
249500 0.00073246
249600 0.000745622
249700 0.000650574
249800 0.000646178
249900 0.000659742
250000 0.000608691
250100 0.000607696
250200 0.000633594
250300 0.000647348
250400 0.000657908
250500 0.000658334
250600 0.000682775
250700 0.00063633
250800 0.00143675
250900 0.000632649
251000 0.000629924
251100 0.000641225
251200 0.000742827
251300 0.000644273
251400 0.000644657
251500 0.000662294
251600 0.00063353
251700 0.000638045
251800 0.000641934
251900 0.000613435
252000 0.000608005
252100 0.000631322
252200 0.000632148
252300 0.000674523
252400 0.000635982
252500 0.000618326
252600 0.000658651
252700 0.000636048
252800 0.000650011
252900 0.0022302
253000 0.000655126
253100 0.000665173
253200 0.000726899
253300 0.000640071
253400 0.000684066
253500 0.000649059
253600 0.00061717
253700 0.000599649
253800 0.000742122
253900 0.000636775
254000 0.00063937
254100 0.00139132
254200 0.000637902
254300 0.000637382
254400 0.000647614
254500 0.000626627
254600 0.000622105
254700 0.000621692
254800 0.000618453
254900 0.000618508
255000 0.000641225
255100 0.000649499
255200 0.000642213
255300 0.00136567
255400 0.000639958
255500 0.000639218
255600 0.000622976
255700 0.000636384
255800 0.000602694
255900 0.000605492
256000 0.0006247
256100 0.000623565
256200 0.000622153
256300 0.000632923
256400 0.000605844
256500 0.000604255
256600 0.000645789
256700 0.000645126
256800 0.00066792
256900 0.00150538
257000 0.000665533
257100 0.000643525
257200 0.000656144
257300 0.000625391
257400 0.00065816
257500 0.00061168
257600 0.000607244
257700 0.00061127
257800 0.000609039
257900 0.000649144
258000 0.000644798
258100 0.000641378
258200 0.000647027
258300 0.000627829
258400 0.000628261
258500 0.000652762
258600 0.000628169
258700 0.000635629
258800 0.000630604
258900 0.000629511
259000 0.000635733
259100 0.00171982
259200 0.000631206
259300 0.000638183
259400 0.000634346
259500 0.000611599
259600 0.000612495
259700 0.000834177
259800 0.000655699
259900 0.000655891
260000 0.000905486
260100 0.000635784
260200 0.0006326
260300 0.000613619
260400 0.000615531
260500 0.000621927
260600 0.000633216
260700 0.000655036
260800 0.000655259
260900 0.000658308
261000 0.000663696
261100 0.000671821
261200 0.000954396
261300 0.000640443
261400 0.000635093
261500 0.000630807
261600 0.000624805
261700 0.000625753
261800 0.000618252
261900 0.000637464
262000 0.000635842
262100 0.000653709
262200 0.000636666
262300 0.000639375
262400 0.000640985
262500 0.00101078
262600 0.000638359
262700 0.000633196
262800 0.00064053
262900 0.000640603
263000 0.000643089
263100 0.000654546
263200 0.00120196
263300 0.000642908
263400 0.000627159
263500 0.000648526
263600 0.000635088
263700 0.000623001
263800 0.000782127
263900 0.00066728
264000 0.000660505
264100 0.000640188
264200 0.000650117
264300 0.000629168
264400 0.0019849
264500 0.00066459
264600 0.000663409
264700 0.000651893
264800 0.000627088
264900 0.000648795
265000 0.000792811
265100 0.000665344
265200 0.000676464
265300 0.000695975
265400 0.000778108
265500 0.000686502
265600 0.000691255
265700 0.000702559
265800 0.000705902
265900 0.000691725
266000 0.000671605
266100 0.000663106
266200 0.000652681
266300 0.000653535
266400 0.000655757
266500 0.000657889
266600 0.000648733
266700 0.000651336
266800 0.000650801
266900 0.000652769
267000 0.000661814
267100 0.00127823
267200 0.000650017
267300 0.000656287
267400 0.00063389
267500 0.000712908
267600 0.000633493
267700 0.000857459
267800 0.000680977
267900 0.000650503
268000 0.000650518
268100 0.000634238
268200 0.000701564
268300 0.000650797
268400 0.000672842
268500 0.000671916
268600 0.000684184
268700 0.000673125
268800 0.000693025
268900 0.00243254
269000 0.000680932
269100 0.000675839
269200 0.000762506
269300 0.000681663
269400 0.000681805
269500 0.00117609
269600 0.000637187
269700 0.000636195
269800 0.000651134
269900 0.000641755
270000 0.000649574
270100 0.000658921
270200 0.000678355
270300 0.000687563
270400 0.000729434
270500 0.000692797
270600 0.000668185
270700 0.00069112
270800 0.000662593
270900 0.000686668
271000 0.001974
271100 0.000680649
271200 0.000680027
271300 0.00068179
271400 0.000696273
271500 0.000684366
271600 0.00130855
271700 0.00068023
271800 0.000731016
271900 0.000686865
272000 0.000681048
272100 0.000649257
272200 0.00131603
272300 0.000642132
272400 0.000644486
272500 0.000648368
272600 0.000634937
272700 0.000724836
272800 0.00141237
272900 0.000683063
273000 0.000683416
273100 0.000654406
273200 0.000651199
273300 0.000644325
273400 0.00146792
273500 0.000665471
273600 0.00064388
273700 0.000738025
273800 0.000651068
273900 0.000645259
274000 0.00142387
274100 0.000645471
274200 0.000650528
274300 0.000730665
274400 0.000650203
274500 0.000647102
274600 0.00198122
274700 0.000692046
274800 0.00070034
274900 0.000742893
275000 0.000688833
275100 0.000736047
275200 0.000724529
275300 0.000693361
275400 0.00152535
275500 0.00069
275600 0.000693152
275700 0.000682718
275800 0.00067181
275900 0.00069156
276000 0.00132929
276100 0.000693466
276200 0.000746143
276300 0.000693938
276400 0.000710463
276500 0.000665234
276600 0.000686012
276700 0.000654382
276800 0.000662726
276900 0.00154491
277000 0.00067545
277100 0.000674052
277200 0.000692535
277300 0.000652707
277400 0.0006575
277500 0.000655307
277600 0.000655432
277700 0.000654589
277800 0.00245024
277900 0.000675428
278000 0.000655252
278100 0.000648647
278200 0.000655841
278300 0.000660232
278400 0.00175197
278500 0.000681139
278600 0.000680952
278700 0.000711648
278800 0.000704087
278900 0.000671185
279000 0.000699268
279100 0.000699686
279200 0.00068137
279300 0.000665026
279400 0.000665395
279500 0.000680171
279600 0.00070044
279700 0.000700954
279800 0.000725893
279900 0.000701711
280000 0.000720196
280100 0.00158844
280200 0.000702575
280300 0.00075193
280400 0.000709941
280500 0.000708091
280600 0.0007231
280700 0.000739594
280800 0.000704307
280900 0.00139167
281000 0.000704241
281100 0.000714195
281200 0.000685738
281300 0.000663978
281400 0.000691751
281500 0.00116468
281600 0.000689094
281700 0.000726427
281800 0.00068816
281900 0.000690487
282000 0.000692628
282100 0.00102398
282200 0.000689975
282300 0.000690066
282400 0.000693478
282500 0.00069319
282600 0.0006925
282700 0.00071003
282800 0.000712957
282900 0.000708313
283000 0.000712777
283100 0.000666736
283200 0.000653049
283300 0.000711347
283400 0.000688507
283500 0.000682623
283600 0.000690358
283700 0.000679492
283800 0.000852819
283900 0.000724857
284000 0.000714573
284100 0.000902519
284200 0.000735051
284300 0.000745049
284400 0.00107349
284500 0.000718786
284600 0.000708204
284700 0.000714298
284800 0.000734744
284900 0.000724292
285000 0.000721869
285100 0.000674231
285200 0.000673364
285300 0.000693972
285400 0.000676068
285500 0.00068121
285600 0.000697199
285700 0.000676243
285800 0.000683793
285900 0.000718424
286000 0.000723082
286100 0.00130922
286200 0.000696343
286300 0.000699997
286400 0.000700888
286500 0.000696335
286600 0.000697985
286700 0.000679932
286800 0.000783308
286900 0.000676456
287000 0.00122631
287100 0.000681904
287200 0.000676826
287300 0.000680167
287400 0.000679422
287500 0.00068692
287600 0.00196188
287700 0.000700744
287800 0.000754479
287900 0.000849615
288000 0.000703648
288100 0.000679637
288200 0.000681503
288300 0.000709658
288400 0.000701366
288500 0.00070908
288600 0.000706854
288700 0.000705008
288800 0.000895669
288900 0.00070098
289000 0.000740132
289100 0.000732578
289200 0.000712239
289300 0.000711532
289400 0.000713029
289500 0.000702533
289600 0.00070898
289700 0.00070443
289800 0.000712409
289900 0.000723652
290000 0.000726074
290100 0.000719944
290200 0.000970101
290300 0.000705483
290400 0.000743969
290500 0.000693208
290600 0.000693952
290700 0.000699876
290800 0.00203535
290900 0.000729543
291000 0.000739993
291100 0.000705201
291200 0.000680739
291300 0.000687317
291400 0.000687439
291500 0.000686125
291600 0.000697518
291700 0.000708149
291800 0.000712034
291900 0.000699011
292000 0.00130612
292100 0.000711835
292200 0.000690465
292300 0.000689777
292400 0.000689315
292500 0.000692031
292600 0.000706551
292700 0.000690198
292800 0.000692568
292900 0.000852386
293000 0.000697848
293100 0.000691769
293200 0.00102111
293300 0.000690034
293400 0.000694305
293500 0.000695962
293600 0.000694598
293700 0.000694069
293800 0.00106601
293900 0.00069208
294000 0.000728871
294100 0.000699596
294200 0.000697212
294300 0.000704641
294400 0.00126748
294500 0.000697013
294600 0.000753243
294700 0.000740165
294800 0.000738369
294900 0.000719754
295000 0.000723688
295100 0.000697989
295200 0.00164083
295300 0.000716437
295400 0.000730287
295500 0.000762949
295600 0.000726702
295700 0.000706822
295800 0.00101578
295900 0.000698
296000 0.000742608
296100 0.000697351
296200 0.000704468
296300 0.000701651
296400 0.000728893
296500 0.000698363
296600 0.000703397
296700 0.000697778
296800 0.000700292
296900 0.000728403
297000 0.000710553
297100 0.000703994
297200 0.000703018
297300 0.000707399
297400 0.000694266
297500 0.00115219
297600 0.000700784
297700 0.000711701
297800 0.000707084
297900 0.00070603
298000 0.000714187
298100 0.00115993
298200 0.000703605
298300 0.000739781
298400 0.000713531
298500 0.000709766
298600 0.000709113
298700 0.000915451
298800 0.000705116
298900 0.000776096
299000 0.000767885
299100 0.000748725
299200 0.000778365
299300 0.000750298
299400 0.000841225
299500 0.00101339
299600 0.000726094
299700 0.000726747
299800 0.000728421
299900 0.000735812
300000 0.000708343
300100 0.000756459
300200 0.000748837
300300 0.000751196
300400 0.000757329
300500 0.000764206
300600 0.000989612
300700 0.000754714
300800 0.000772228
300900 0.000712538
301000 0.000728199
301100 0.00228952
301200 0.000731671
301300 0.000786682
301400 0.000732412
301500 0.00074227
301600 0.000738751
301700 0.000741344
301800 0.000716484
301900 0.000711797
302000 0.000715698
302100 0.000713948
302200 0.000717507
302300 0.000756493
302400 0.000758307
302500 0.000776216
302600 0.00076613
302700 0.000760501
302800 0.00107315
302900 0.000737517
303000 0.000740711
303100 0.00076065
303200 0.000767349
303300 0.000738761
303400 0.000715782
303500 0.000739231
303600 0.00137179
303700 0.000716948
303800 0.00071913
303900 0.000721106
304000 0.000717883
304100 0.000718985
304200 0.00128222
304300 0.000716958
304400 0.000732223
304500 0.000717794
304600 0.000719668
304700 0.000722353
304800 0.000747722
304900 0.000740756
305000 0.000735303
305100 0.000774852
305200 0.000769213
305300 0.000807674
305400 0.000764829
305500 0.00076847
305600 0.000772952
305700 0.000726284
305800 0.000735007
305900 0.000772419
306000 0.000744823
306100 0.000726221
306200 0.000726414
306300 0.000721749
306400 0.00178323
306500 0.00074849
306600 0.000746749
306700 0.00077713
306800 0.000772411
306900 0.0017133
307000 0.000793473
307100 0.00091511
307200 0.000803778
307300 0.000803655
307400 0.000810527
307500 0.000795492
307600 0.000844315
307700 0.000796454
307800 0.00079588
307900 0.000800707
308000 0.000801408
308100 0.000830725
308200 0.000783481
308300 0.000749514
308400 0.000794972
308500 0.000774738
308600 0.000776911
308700 0.000781582
308800 0.000773877
308900 0.000750258
309000 0.000728876
309100 0.000764477
309200 0.000749708
309300 0.000776558
309400 0.000790717
309500 0.000775986
309600 0.000783313
309700 0.000778866
309800 0.000854604
309900 0.000756532
310000 0.00073201
310100 0.000780211
310200 0.000780276
310300 0.00095089
310400 0.000779106
310500 0.00078523
310600 0.000802326
310700 0.000787299
310800 0.00080607
310900 0.000780203
311000 0.000785943
311100 0.000791784
311200 0.000789787
311300 0.000796437
311400 0.000782654
311500 0.000755912
311600 0.00080764
311700 0.000739445
311800 0.00074317
311900 0.00238211
312000 0.000782173
312100 0.000834674
312200 0.000809429
312300 0.000840734
312400 0.000812942
312500 0.000810257
312600 0.000826423
312700 0.000820728
312800 0.000808349
312900 0.000819752
313000 0.000850306
313100 0.000825286
313200 0.00153588
313300 0.000761325
313400 0.000746371
313500 0.000787696
313600 0.00078592
313700 0.00158712
313800 0.000762082
313900 0.000770835
314000 0.000743996
314100 0.000750881
314200 0.000765551
314300 0.000784341
314400 0.000742429
314500 0.000781812
314600 0.000832624
314700 0.000744892
314800 0.000748504
314900 0.000794186
315000 0.000857228
315100 0.00100596
315200 0.000769963
315300 0.000742608
315400 0.000799394
315500 0.00076681
315600 0.000744372
315700 0.00074602
315800 0.00074425
315900 0.000752112
316000 0.000793231
316100 0.000795654
316200 0.000769341
316300 0.00077939
316400 0.000749826
316500 0.000756963
316600 0.000746819
316700 0.000764123
316800 0.000806139
316900 0.000797847
317000 0.000960647
317100 0.000798956
317200 0.000774766
317300 0.000795171
317400 0.000848006
317500 0.000803557
317600 0.00080317
317700 0.000801309
317800 0.000799243
317900 0.000795734
318000 0.000797264
318100 0.000849287
318200 0.000818876
318300 0.00156422
318400 0.000798647
318500 0.000829905
318600 0.000822849
318700 0.000751955
318800 0.00142332
318900 0.000805541
319000 0.000802823
319100 0.000886032
319200 0.000800928
319300 0.000775743
319400 0.000801295
319500 0.000801394
319600 0.000828342
319700 0.000808633
319800 0.000766238
319900 0.000812973
320000 0.000804557
320100 0.000854161
320200 0.000799994
320300 0.000823289
320400 0.000832906
320500 0.000828451
320600 0.000831562
320700 0.000831133
320800 0.000837379
320900 0.000839665
321000 0.000867598
321100 0.00101624
321200 0.000803354
321300 0.000808609
321400 0.000764784
321500 0.000833042
321600 0.00138771
321700 0.000806709
321800 0.000859687
321900 0.000825163
322000 0.000948949
322100 0.000766444
322200 0.000821446
322300 0.000806286
322400 0.000805972
322500 0.000760122
322600 0.000782647
322700 0.00200076
322800 0.000786845
322900 0.000826853
323000 0.000774343
323100 0.000761504
323200 0.000777931
323300 0.000818016
323400 0.000787637
323500 0.000772764
323600 0.000768563
323700 0.000768272
323800 0.000796557
323900 0.000764617
324000 0.000764226
324100 0.000779861
324200 0.000764677
324300 0.000776936
324400 0.000815071
324500 0.000791945
324600 0.000826377
324700 0.000794235
324800 0.000773579
324900 0.000870463
325000 0.000791361
325100 0.000826269
325200 0.000850056
325300 0.00087319
325400 0.000816559
325500 0.000823372
325600 0.00178714
325700 0.000845135
325800 0.0008482
325900 0.000793162
326000 0.000906534
326100 0.000822982
326200 0.000817502
326300 0.000818217
326400 0.000821391
326500 0.00083113
326600 0.000821673
326700 0.000864632
326800 0.000819159
326900 0.000832321
327000 0.000897976
327100 0.000822621
327200 0.000846519
327300 0.000856171
327400 0.000862883
327500 0.00082517
327600 0.000773648
327700 0.000853868
327800 0.000823441
327900 0.000898866
328000 0.000830683
328100 0.000820048
328200 0.000829757
328300 0.000826513
328400 0.000830996
328500 0.000826191
328600 0.000806748
328700 0.000833564
328800 0.000827188
328900 0.00179447
329000 0.000893892
329100 0.00131795
329200 0.000852294
329300 0.000887172
329400 0.000887394
329500 0.000888219
329600 0.000854469
329700 0.000827343
329800 0.000848509
329900 0.000846096
330000 0.000839432
330100 0.000837281
330200 0.000956035
330300 0.00083356
330400 0.000856634
330500 0.000881046
330600 0.00083955
330700 0.000845443
330800 0.00102297
330900 0.000829151
331000 0.00102268
331100 0.000886374
331200 0.000812067
331300 0.000847773
331400 0.000834328
331500 0.000810164
331600 0.000884973
331700 0.000835378
331800 0.00245305
331900 0.00082964
332000 0.00293354
332100 0.000858765
332200 0.00085478
332300 0.000930912
332400 0.000932424
332500 0.000924945
332600 0.000918187
332700 0.00143074
332800 0.000840775
332900 0.000812904
333000 0.000864692
333100 0.000833373
333200 0.00250116
333300 0.00083893
333400 0.000883178
333500 0.000904281
333600 0.00087132
333700 0.000926428
333800 0.000944681
333900 0.000869172
334000 0.000840855
334100 0.000840864
334200 0.000847944
334300 0.000862869
334400 0.000859242
334500 0.000924673
334600 0.000925664
334700 0.00093842
334800 0.00143794
334900 0.000934809
335000 0.00101171
335100 0.000930513
335200 0.000950982
335300 0.000927131
335400 0.000948571
335500 0.000940294
335600 0.000959404
335700 0.00255522
335800 0.000929272
335900 0.000937773
336000 0.000938692
336100 0.00081829
336200 0.000902887
336300 0.00081999
336400 0.001019
336500 0.000819035
336600 0.000817514
336700 0.0025469
336800 0.000851193
336900 0.000850928
337000 0.000894504
337100 0.000846016
337200 0.0020514
337300 0.000820659
337400 0.00191047
337500 0.000847791
337600 0.00090475
337700 0.000830566
337800 0.000802907
337900 0.000811358
338000 0.000851987
338100 0.000847933
338200 0.000865295
338300 0.000901733
338400 0.00186061
338500 0.000852378
338600 0.000864254
338700 0.000858331
338800 0.000853319
338900 0.000934637
339000 0.000909774
339100 0.00089245
339200 0.000862275
339300 0.00088344
339400 0.000884264
339500 0.000861069
339600 0.000859561
339700 0.000862393
339800 0.000830555
339900 0.00146099
340000 0.00083015
340100 0.000817376
340200 0.00082538
340300 0.000844513
340400 0.00279108
340500 0.000853146
340600 0.00086592
340700 0.000809465
340800 0.000809772
340900 0.00196211
341000 0.000857417
341100 0.000879205
341200 0.000894903
341300 0.000859433
341400 0.000900302
341500 0.000942052
341600 0.00090057
341700 0.000856897
341800 0.00087388
341900 0.000806292
342000 0.000830291
342100 0.0013178
342200 0.000809009
342300 0.000813555
342400 0.000808727
342500 0.000815747
342600 0.00106379
342700 0.000872351
342800 0.000864227
342900 0.000864297
343000 0.000812162
343100 0.00232271
343200 0.000866618
343300 0.000864915
343400 0.000872914
343500 0.000862467
343600 0.00292699
343700 0.00086174
343800 0.00085882
343900 0.000876014
344000 0.000863842
344100 0.00216
344200 0.000863885
344300 0.000871341
344400 0.000884308
344500 0.000879218
344600 0.00135776
344700 0.00084164
344800 0.00298749
344900 0.000872453
345000 0.000880579
345100 0.000871636
345200 0.000955091
345300 0.00179982
345400 0.000865271
345500 0.00088184
345600 0.000872435
345700 0.000968097
345800 0.00259024
345900 0.000876813
346000 0.000872295
346100 0.000856623
346200 0.000816418
346300 0.00192318
346400 0.000852812
346500 0.000843729
346600 0.00083798
346700 0.000847177
346800 0.0018566
346900 0.000855894
347000 0.000820883
347100 0.00085906
347200 0.000828662
347300 0.000822983
347400 0.000870908
347500 0.00090328
347600 0.000900744
347700 0.000927164
347800 0.00203724
347900 0.000867287
348000 0.000849212
348100 0.000847685
348200 0.000875351
348300 0.00258452
348400 0.00087374
348500 0.000882957
348600 0.000853657
348700 0.000845454
348800 0.00195528
348900 0.00087743
349000 0.000882958
349100 0.000878418
349200 0.000884714
349300 0.000893385
349400 0.000861309
349500 0.000884841
349600 0.000876209
349700 0.000920449
349800 0.000868419
349900 0.000909846
350000 0.00229534
350100 0.000881546
350200 0.000877115
350300 0.000911088
350400 0.000878414
350500 0.00129671
350600 0.000828339
350700 0.000838818
350800 0.00084194
350900 0.000908174
351000 0.00199032
351100 0.000879475
351200 0.000886144
351300 0.000894339
351400 0.000897235
351500 0.0022685
351600 0.000854847
351700 0.000833089
351800 0.000833392
351900 0.000830037
352000 0.00211838
352100 0.000855157
352200 0.000865316
352300 0.000863621
352400 0.0008883
352500 0.00218356
352600 0.000883352
352700 0.000981981
352800 0.000976352
352900 0.00174701
353000 0.000971361
353100 0.000935466
353200 0.000945371
353300 0.000922474
353400 0.000892796
353500 0.000876013
353600 0.00228114
353700 0.000886138
353800 0.000900619
353900 0.000910244
354000 0.000950175
354100 0.00123892
354200 0.000902262
354300 0.000862642
354400 0.000832895
354500 0.000844226
354600 0.00114417
354700 0.000861234
354800 0.000874049
354900 0.000872713
355000 0.000853987
355100 0.00202033
355200 0.000841365
355300 0.000847594
355400 0.000934514
355500 0.000840203
355600 0.00102089
355700 0.000891266
355800 0.000917533
355900 0.000920465
356000 0.000921076
356100 0.000922129
356200 0.00094661
356300 0.000904948
356400 0.00090037
356500 0.00177545
356600 0.000909188
356700 0.000914471
356800 0.000903283
356900 0.00090659
357000 0.0021271
357100 0.000875362
357200 0.00158889
357300 0.000868812
357400 0.000884343
357500 0.000845984
357600 0.00084835
357700 0.00132885
357800 0.000900529
357900 0.000882081
358000 0.000849748
358100 0.000903005
358200 0.00193105
358300 0.000878354
358400 0.00084772
358500 0.000857727
358600 0.000854202
358700 0.00243753
358800 0.000904453
358900 0.000904483
359000 0.000925463
359100 0.000905881
359200 0.000903132
359300 0.000915379
359400 0.000882745
359500 0.000873195
359600 0.00102542
359700 0.000902156
359800 0.000908401
359900 0.00094563
360000 0.000915062
360100 0.00298686
360200 0.000902635
360300 0.000948706
360400 0.000880403
360500 0.00085979
360600 0.00121044
360700 0.000875938
360800 0.000856156
360900 0.000855082
361000 0.000864732
361100 0.000882919
361200 0.000853058
361300 0.00223073
361400 0.000862895
361500 0.000869039
361600 0.000875908
361700 0.000864577
361800 0.000866282
361900 0.000888377
362000 0.000896607
362100 0.000910863
362200 0.0009168
362300 0.000917977
362400 0.000881592
362500 0.00086342
362600 0.000926457
362700 0.000870462
362800 0.00113333
362900 0.000857233
363000 0.000856889
363100 0.000876526
363200 0.000864231
363300 0.000993299
363400 0.000854988
363500 0.000872641
363600 0.000871087
363700 0.000864585
363800 0.00162761
363900 0.000856626
364000 0.000863337
364100 0.00085925
364200 0.000858261
364300 0.0016182
364400 0.000886715
364500 0.000895398
364600 0.000865567
364700 0.000875232
364800 0.00262335
364900 0.000862716
365000 0.00204229
365100 0.000891938
365200 0.000870439
365300 0.000863079
365400 0.000866153
365500 0.00161406
365600 0.000869257
365700 0.000864428
365800 0.000878215
365900 0.00087216
366000 0.000863966
366100 0.000878558
366200 0.000869872
366300 0.000877717
366400 0.00086427
366500 0.000865647
366600 0.000873194
366700 0.000867252
366800 0.000903482
366900 0.00101136
367000 0.000982186
367100 0.00113993
367200 0.000981206
367300 0.00098506
367400 0.00098538
367500 0.000868324
367600 0.000869053
367700 0.000872442
367800 0.000867333
367900 0.000871629
368000 0.000873235
368100 0.00190942
368200 0.000969339
368300 0.000904799
368400 0.000898041
368500 0.000880689
368600 0.000924166
368700 0.000890721
368800 0.000879617
368900 0.000869983
369000 0.000878232
369100 0.000961236
369200 0.000871895
369300 0.00217175
369400 0.000870988
369500 0.000894859
369600 0.000876458
369700 0.0009837
369800 0.00265446
369900 0.000879027
370000 0.000874795
370100 0.000903052
370200 0.000904282
370300 0.00114577
370400 0.000901982
370500 0.000908188
370600 0.00100479
370700 0.000906226
370800 0.00148581
370900 0.000894969
371000 0.000877345
371100 0.00091512
371200 0.000883374
371300 0.00150387
371400 0.000882455
371500 0.000878598
371600 0.000882994
371700 0.000876173
371800 0.00122708
371900 0.000877264
372000 0.000877439
372100 0.000878463
372200 0.00091285
372300 0.00186625
372400 0.000879179
372500 0.000995635
372600 0.000883101
372700 0.000884726
372800 0.00163537
372900 0.000904082
373000 0.00188994
373100 0.000882902
373200 0.000917703
373300 0.000881423
373400 0.000892112
373500 0.00211118
373600 0.000880396
373700 0.000883471
373800 0.000887312
373900 0.0010304
374000 0.00167241
374100 0.000881747
374200 0.00089219
374300 0.000883407
374400 0.000914916
374500 0.0024523
374600 0.000893804
374700 0.000901542
374800 0.000977864
374900 0.00088507
375000 0.000964786
375100 0.000900099
375200 0.000891943
375300 0.00109396
375400 0.00089076
375500 0.00172138
375600 0.00088613
375700 0.000886012
375800 0.000890541
375900 0.000886511
376000 0.00184482
376100 0.00088994
376200 0.000890632
376300 0.000905506
376400 0.00101218
376500 0.00139869
376600 0.00088993
376700 0.00103406
376800 0.000897492
376900 0.000902689
377000 0.00163361
377100 0.000891652
377200 0.00197673
377300 0.000892066
377400 0.000905171
377500 0.000898446
377600 0.00091789
377700 0.00212414
377800 0.000891113
377900 0.000915563
378000 0.000930311
378100 0.000925239
378200 0.00132252
378300 0.000896487
378400 0.000903561
378500 0.00089562
378600 0.000901706
378700 0.00168086
378800 0.000892975
378900 0.000903865
379000 0.00107079
379100 0.000894284
379200 0.00163268
379300 0.000922801
379400 0.000923316
379500 0.000929445
379600 0.000960115
379700 0.000940536
379800 0.000921863
379900 0.000993156
380000 0.00092856
380100 0.000929687
380200 0.000907424
380300 0.000903269
380400 0.000927101
380500 0.000907326
380600 0.000910847
380700 0.000946734
380800 0.00090243
380900 0.00156696
381000 0.000903715
381100 0.00090552
381200 0.000947418
381300 0.00102843
381400 0.000905443
381500 0.000910422
381600 0.000907406
381700 0.000908741
381800 0.000926202
381900 0.00184471
382000 0.000903956
382100 0.000911756
382200 0.000905922
382300 0.000936287
382400 0.00180594
382500 0.000902813
382600 0.00100395
382700 0.000922316
382800 0.000908775
382900 0.000921217
383000 0.000960746
383100 0.000934466
383200 0.000911668
383300 0.000905054
383400 0.00111469
383500 0.000924596
383600 0.000905905
383700 0.000907817
383800 0.000907131
383900 0.00163087
384000 0.000963866
384100 0.000981001
384200 0.000965055
384300 0.000999969
384400 0.000962025
384500 0.00107194
384600 0.000994748
384700 0.000989332
384800 0.000954235
384900 0.00106253
385000 0.00129778
385100 0.00095666
385200 0.000925618
385300 0.000912893
385400 0.000925754
385500 0.000971132
385600 0.000969779
385700 0.000968977
385800 0.00113254
385900 0.00193022
386000 0.000939289
386100 0.000945884
386200 0.000950275
386300 0.000939308
386400 0.00139768
386500 0.000916387
386600 0.000917352
386700 0.000944232
386800 0.000921107
386900 0.00104974
387000 0.000913647
387100 0.000919617
387200 0.000928045
387300 0.000918291
387400 0.00111026
387500 0.000972165
387600 0.0015176
387700 0.000994655
387800 0.00157032
387900 0.000974993
388000 0.000990282
388100 0.00097668
388200 0.00100001
388300 0.000983238
388400 0.000996642
388500 0.000989443
388600 0.000974147
388700 0.000920411
388800 0.000924943
388900 0.000958343
389000 0.000922269
389100 0.000922167
389200 0.00275809
389300 0.000999371
389400 0.00205205
389500 0.000946684
389600 0.000931762
389700 0.000922597
389800 0.000937566
389900 0.00102519
390000 0.000919351
390100 0.000919212
390200 0.00100561
390300 0.000929846
390400 0.000961272
390500 0.00118855
390600 0.00146048
390700 0.000931479
390800 0.00220132
390900 0.000925113
391000 0.000929809
391100 0.00093392
391200 0.00092289
391300 0.00137603
391400 0.000924049
391500 0.00092804
391600 0.000941324
391700 0.000930085
391800 0.00110627
391900 0.000930124
392000 0.000931211
392100 0.000929132
392200 0.000939005
392300 0.000935681
392400 0.000930492
392500 0.000948406
392600 0.000929015
392700 0.000943957
392800 0.000934931
392900 0.00093721
393000 0.000946451
393100 0.000926942
393200 0.000944304
393300 0.000942151
393400 0.000993845
393500 0.00175342
393600 0.000937075
393700 0.000934672
393800 0.00131394
393900 0.000929046
394000 0.00112686
394100 0.000988909
394200 0.000938345
394300 0.00101471
394400 0.000937843
394500 0.00152333
394600 0.00097547
394700 0.000960573
394800 0.000961197
394900 0.000986403
395000 0.000949414
395100 0.000942822
395200 0.000957249
395300 0.000954223
395400 0.000951375
395500 0.00100702
395600 0.00101323
395700 0.000974545
395800 0.000942875
395900 0.00155848
396000 0.000975466
396100 0.000938094
396200 0.000934645
396300 0.000963952
396400 0.000949651
396500 0.000938646
396600 0.00130861
396700 0.000986695
396800 0.0014704
396900 0.0009701
397000 0.00164406
397100 0.000994472
397200 0.000971177
397300 0.00094574
397400 0.00095198
397500 0.00230527
397600 0.000974748
397700 0.000965701
397800 0.000991606
397900 0.000951079
398000 0.000958894
398100 0.000944181
398200 0.00111403
398300 0.00094958
398400 0.000956114
398500 0.000998934
398600 0.00100667
398700 0.0010007
398800 0.00100668
398900 0.00101204
399000 0.00100334
399100 0.00102225
399200 0.000945899
399300 0.0016511
399400 0.00100603
399500 0.000998931
399600 0.000973932
399700 0.000970302
399800 0.00102407
399900 0.000973846
400000 0.00167785
400100 0.000905764
400200 0.000951101
400300 0.000958789
400400 0.000971076
400500 0.000958918
400600 0.00096503
400700 0.000955873
400800 0.00098333
400900 0.000961486
401000 0.00100954
401100 0.00101676
401200 0.000963069
401300 0.000947555
401400 0.00147557
401500 0.000949393
401600 0.00095268
401700 0.000959351
401800 0.000947656
401900 0.00143395
402000 0.000960551
402100 0.0009578
402200 0.00097203
402300 0.000972449
402400 0.000970556
402500 0.000951594
402600 0.00102535
402700 0.000988739
402800 0.000971106
402900 0.00100941
403000 0.00114911
403100 0.00101741
403200 0.00101403
403300 0.00102021
403400 0.0009824
403500 0.00103166
403600 0.000982183
403700 0.000985691
403800 0.000975973
403900 0.000990245
404000 0.0010141
404100 0.00098871
404200 0.000983553
404300 0.00101847
404400 0.00233854
404500 0.00104294
404600 0.00101671
404700 0.00113344
404800 0.00102976
404900 0.00101408
405000 0.00102283
405100 0.0011498
405200 0.00101858
405300 0.001048
405400 0.00096429
405500 0.000972411
405600 0.00106563
405700 0.00217826
405800 0.000986193
405900 0.000966787
406000 0.000972086
406100 0.00096425
406200 0.0010102
406300 0.000961027
406400 0.00101889
406500 0.000964728
406600 0.000984674
406700 0.00103523
406800 0.00108509
406900 0.000998059
407000 0.00101449
407100 0.00108171
407200 0.00104936
407300 0.00104083
407400 0.000998153
407500 0.000961084
407600 0.000965195
407700 0.000976484
407800 0.000988134
407900 0.000960784
408000 0.000976713
408100 0.00105833
408200 0.00299507
408300 0.000962412
408400 0.000976255
408500 0.00113476
408600 0.00100542
408700 0.00099962
408800 0.00099352
408900 0.00101496
409000 0.00100165
409100 0.00309301
409200 0.00103141
409300 0.00102377
409400 0.00102893
409500 0.000974938
409600 0.000975123
409700 0.000972551
409800 0.0010299
409900 0.00100573
410000 0.00313416
410100 0.00103447
410200 0.00237934
410300 0.00103407
410400 0.002386
410500 0.00100591
410600 0.00207158
410700 0.000969394
410800 0.000981797
410900 0.000978318
411000 0.0010598
411100 0.00103936
411200 0.000968524
411300 0.000971767
411400 0.00100328
411500 0.00101197
411600 0.00101148
411700 0.00100449
411800 0.00101546
411900 0.00100416
412000 0.00124695
412100 0.000976237
412200 0.000976338
412300 0.00097489
412400 0.00097765
412500 0.000999469
412600 0.000975407
412700 0.000973519
412800 0.00103205
412900 0.00097377
413000 0.000980879
413100 0.000975674
413200 0.0010999
413300 0.000975572
413400 0.00189684
413500 0.000976563
413600 0.000982089
413700 0.000986304
413800 0.000981778
413900 0.00116264
414000 0.00101524
414100 0.000981868
414200 0.000986972
414300 0.000982005
414400 0.000983964
414500 0.000983939
414600 0.000989063
414700 0.00102875
414800 0.00287252
414900 0.00101436
415000 0.00211951
415100 0.00101812
415200 0.00101425
415300 0.00104502
415400 0.000997901
415500 0.00102242
415600 0.00103526
415700 0.00100069
415800 0.00099249
415900 0.00101357
416000 0.00106492
416100 0.00126145
416200 0.00105621
416300 0.00226319
416400 0.0010215
416500 0.000986812
416600 0.0010116
416700 0.000993131
416800 0.000994995
416900 0.00100389
417000 0.00111547
417100 0.000988176
417200 0.00100485
417300 0.00104551
417400 0.00116852
417500 0.00104847
417600 0.00105397
417700 0.0010533
417800 0.00107532
417900 0.00105846
418000 0.00105611
418100 0.00231529
418200 0.00125894
418300 0.00139388
418400 0.00104225
418500 0.00101821
418600 0.00100921
418700 0.0010063
418800 0.00105728
418900 0.00106997
419000 0.00106756
419100 0.00160967
419200 0.00105646
419300 0.00106869
419400 0.00116509
419500 0.000997643
419600 0.00102483
419700 0.000995155
419800 0.00100309
419900 0.000991187
420000 0.000996569
420100 0.001065
420200 0.00105745
420300 0.00105798
420400 0.00107149
420500 0.00124215
420600 0.00106042
420700 0.00106587
420800 0.00109213
420900 0.0024445
421000 0.00108146
421100 0.00105979
421200 0.00105763
421300 0.00107579
421400 0.00105633
421500 0.00325562
421600 0.0010667
421700 0.00230683
421800 0.00106419
421900 0.00190324
422000 0.00099926
422100 0.00100108
422200 0.0010002
422300 0.00100394
422400 0.00100131
422500 0.000996486
422600 0.00101384
422700 0.0010036
422800 0.00101901
422900 0.00106638
423000 0.00106366
423100 0.00107113
423200 0.00107459
423300 0.00109574
423400 0.0010846
423500 0.00107145
423600 0.00106933
423700 0.00107951
423800 0.00110182
423900 0.00109107
424000 0.00106191
424100 0.00107201
424200 0.00103125
424300 0.00104299
424400 0.00104665
424500 0.00104108
424600 0.00108961
424700 0.00317724
424800 0.00106838
424900 0.00109443
425000 0.00101265
425100 0.00103913
425200 0.00106733
425300 0.00107023
425400 0.00105525
425500 0.00104315
425600 0.00178879
425700 0.00107577
425800 0.00104545
425900 0.00106502
426000 0.00133935
426100 0.00109694
426200 0.00107207
426300 0.00107107
426400 0.00114017
426500 0.00106932
426600 0.00107384
426700 0.00110655
426800 0.00108961
426900 0.0010787
427000 0.00108435
427100 0.00107787
427200 0.00107644
427300 0.00153831
427400 0.00105552
427500 0.00105673
427600 0.00101925
427700 0.00102583
427800 0.00107542
427900 0.00196016
428000 0.00107999
428100 0.0010799
428200 0.00105985
428300 0.00102423
428400 0.00108539
428500 0.0010822
428600 0.00107905
428700 0.0010867
428800 0.00169922
428900 0.00104312
429000 0.00105719
429100 0.00112436
429200 0.00104363
429300 0.00107714
429400 0.00108485
429500 0.00105513
429600 0.00103292
429700 0.00107885
429800 0.00110042
429900 0.00121424
430000 0.00105408
430100 0.00107949
430200 0.00109912
430300 0.00108512
430400 0.00102483
430500 0.00150365
430600 0.00105851
430700 0.00104172
430800 0.0010246
430900 0.00246001
431000 0.00108443
431100 0.00108311
431200 0.00105072
431300 0.00107488
431400 0.00109806
431500 0.00108788
431600 0.00110673
431700 0.00108887
431800 0.00108685
431900 0.00112785
432000 0.00150209
432100 0.0010555
432200 0.0010222
432300 0.00104093
432400 0.0010471
432500 0.00108461
432600 0.00113282
432700 0.00110389
432800 0.00105859
432900 0.00108581
433000 0.00108265
433100 0.00102755
433200 0.00104715
433300 0.00184813
433400 0.00105534
433500 0.00102699
433600 0.00103542
433700 0.0030341
433800 0.00107093
433900 0.0010831
434000 0.00108863
434100 0.00117992
434200 0.00108857
434300 0.00235282
434400 0.00110539
434500 0.00221092
434600 0.00105755
434700 0.00105712
434800 0.0010402
434900 0.00104325
435000 0.0010602
435100 0.00106006
435200 0.0010616
435300 0.00107411
435400 0.00238981
435500 0.00115187
435600 0.00110822
435700 0.00103684
435800 0.00102849
435900 0.00103543
436000 0.00104559
436100 0.00103492
436200 0.00103482
436300 0.00103792
436400 0.00110776
436500 0.00259962
436600 0.00103713
436700 0.00103332
436800 0.00105999
436900 0.00155093
437000 0.00109944
437100 0.00215014
437200 0.0010795
437300 0.00294505
437400 0.00106239
437500 0.001069
437600 0.00107461
437700 0.00107074
437800 0.00107511
437900 0.00108148
438000 0.00107465
438100 0.00108709
438200 0.00104287
438300 0.00102214
438400 0.00127636
438500 0.00106887
438600 0.0010786
438700 0.00106417
438800 0.00104243
438900 0.00104005
439000 0.00109529
439100 0.0011102
439200 0.0022369
439300 0.00109636
439400 0.00103629
439500 0.00104237
439600 0.00109174
439700 0.00112502
439800 0.00106625
439900 0.00107917
440000 0.00108648
440100 0.00108237
440200 0.00104248
440300 0.0010553
440400 0.00107698
440500 0.00322114
440600 0.001111
440700 0.00108461
440800 0.00107528
440900 0.00234439
441000 0.00115352
441100 0.00156291
441200 0.00110778
441300 0.00192976
441400 0.00111135
441500 0.00115894
441600 0.00112019
441700 0.0011461
441800 0.00110764
441900 0.00117628
442000 0.00117102
442100 0.00112991
442200 0.00110203
442300 0.00114438
442400 0.00111882
442500 0.00179126
442600 0.00110195
442700 0.00143796
442800 0.00110157
442900 0.00112826
443000 0.00127911
443100 0.00202557
443200 0.00106329
443300 0.00111198
443400 0.00105132
443500 0.00120989
443600 0.00117697
443700 0.00109102
443800 0.00106753
443900 0.0010699
444000 0.00111437
444100 0.00112459
444200 0.00114561
444300 0.00114185
444400 0.00113947
444500 0.00118897
444600 0.00112837
444700 0.00115561
444800 0.00116604
444900 0.00117755
445000 0.00118464
445100 0.00141779
445200 0.00116787
445300 0.00111735
445400 0.00111006
445500 0.00202367
445600 0.00109335
445700 0.00117842
445800 0.00105032
445900 0.0010575
446000 0.00110898
446100 0.00106182
446200 0.00109391
446300 0.00125812
446400 0.00111746
446500 0.00105303
446600 0.00105931
446700 0.00105337
446800 0.00109718
446900 0.00105746
447000 0.00106529
447100 0.00105482
447200 0.00106132
447300 0.00105824
447400 0.0010813
447500 0.00106951
447600 0.00111974
447700 0.00112774
447800 0.00196273
447900 0.00108957
448000 0.00109429
448100 0.00106434
448200 0.001355
448300 0.00113135
448400 0.00112843
448500 0.00113052
448600 0.00114851
448700 0.00116686
448800 0.00154375
448900 0.0010935
449000 0.00118498
449100 0.00106324
449200 0.00115046
449300 0.00112841
449400 0.00109299
449500 0.00107803
449600 0.00249266
449700 0.00110093
449800 0.00110282
449900 0.00112518
450000 0.00116609
450100 0.00113536
450200 0.00107711
450300 0.00134842
450400 0.00110838
450500 0.00113206
450600 0.00113097
450700 0.0011373
450800 0.00114405
450900 0.00117026
451000 0.0011362
451100 0.00114106
451200 0.00111683
451300 0.00116845
451400 0.00117383
451500 0.00116949
451600 0.00181086
451700 0.00117942
451800 0.00140385
451900 0.001174
452000 0.00114669
452100 0.00114274
452200 0.0011494
452300 0.00113604
452400 0.00114135
452500 0.00115923
452600 0.00146472
452700 0.00113322
452800 0.00113963
452900 0.00116678
453000 0.00268954
453100 0.00114467
453200 0.00115716
453300 0.00118535
453400 0.00289815
453500 0.00110775
453600 0.00107133
453700 0.00107088
453800 0.00210472
453900 0.00111752
454000 0.00107158
454100 0.00107867
454200 0.00118472
454300 0.00121924
454400 0.00237616
454500 0.00117547
454600 0.00114829
454700 0.00110525
454800 0.00115767
454900 0.00107545
455000 0.00150943
455100 0.00114456
455200 0.00114638
455300 0.00114676
455400 0.00320204
455500 0.0011981
455600 0.00163559
455700 0.00115332
455800 0.00111405
455900 0.00112456
456000 0.00216595
456100 0.0011464
456200 0.00114573
456300 0.0011498
456400 0.002248
456500 0.00114677
456600 0.00114591
456700 0.00118251
456800 0.00129136
456900 0.00114877
457000 0.00223853
457100 0.00114949
457200 0.00176682
457300 0.0011513
457400 0.00114664
457500 0.00114766
457600 0.00115814
457700 0.00114892
457800 0.00108139
457900 0.0010834
458000 0.00109557
458100 0.00116102
458200 0.00309269
458300 0.00127558
458400 0.00120166
458500 0.0011541
458600 0.00121646
458700 0.00117424
458800 0.00260669
458900 0.00115087
459000 0.0011618
459100 0.00115189
459200 0.00115844
459300 0.00116668
459400 0.00116284
459500 0.00108779
459600 0.00109258
459700 0.00109093
459800 0.00109088
459900 0.00108563
460000 0.0010958
460100 0.00109331
460200 0.00111579
460300 0.00112909
460400 0.00110151
460500 0.00112666
460600 0.00109716
460700 0.00220063
460800 0.00121312
460900 0.00243152
461000 0.00115516
461100 0.00174119
461200 0.00115603
461300 0.00113657
461400 0.0010996
461500 0.00244445
461600 0.00118776
461700 0.00115787
461800 0.00114114
461900 0.0011788
462000 0.00116045
462100 0.00117945
462200 0.00111139
462300 0.00214235
462400 0.00109275
462500 0.0017838
462600 0.00112419
462700 0.00109194
462800 0.00110745
462900 0.00123977
463000 0.00112972
463100 0.00112648
463200 0.00110337
463300 0.00111175
463400 0.00115895
463500 0.00119529
463600 0.00117069
463700 0.00117466
463800 0.00116755
463900 0.00111918
464000 0.00109829
464100 0.00209232
464200 0.00110095
464300 0.00110017
464400 0.00110497
464500 0.00117078
464600 0.00113967
464700 0.00112978
464800 0.00113462
464900 0.00112433
465000 0.0012422
465100 0.00123208
465200 0.00119371
465300 0.00327934
465400 0.00113258
465500 0.00128016
465600 0.00110088
465700 0.00111293
465800 0.0011284
465900 0.00202739
466000 0.00111361
466100 0.00168409
466200 0.00110648
466300 0.00175458
466400 0.001103
466500 0.00110889
466600 0.0011324
466700 0.0011258
466800 0.00115626
466900 0.00113356
467000 0.00111288
467100 0.00158267
467200 0.00113557
467300 0.00112291
467400 0.00111146
467500 0.00113546
467600 0.00117095
467700 0.00115206
467800 0.00110434
467900 0.00113054
468000 0.00121706
468100 0.00124865
468200 0.00121576
468300 0.00280269
468400 0.00121368
468500 0.00121997
468600 0.00128159
468700 0.00122831
468800 0.00120621
468900 0.00114772
469000 0.00112845
469100 0.00112083
469200 0.0011514
469300 0.00125825
469400 0.0012627
469500 0.00126688
469600 0.00128851
469700 0.00125762
469800 0.00116676
469900 0.00113197
470000 0.00111905
470100 0.00115401
470200 0.0011169
470300 0.0011159
470400 0.00111946
470500 0.0014853
470600 0.00122904
470700 0.00133253
470800 0.0013263
470900 0.00112678
471000 0.00114229
471100 0.00131485
471200 0.00120864
471300 0.00182681
471400 0.00111677
471500 0.00120054
471600 0.00111471
471700 0.00113779
471800 0.00119244
471900 0.00115575
472000 0.00111324
472100 0.00249025
472200 0.00114669
472300 0.00187489
472400 0.00118369
472500 0.0011959
472600 0.00111587
472700 0.00244803
472800 0.00112099
472900 0.00111671
473000 0.00112344
473100 0.00142113
473200 0.00119284
473300 0.00114141
473400 0.00141949
473500 0.00285781
473600 0.00115339
473700 0.00112011
473800 0.00123464
473900 0.00241195
474000 0.00115486
474100 0.00114312
474200 0.001132
474300 0.0015194
474400 0.00119282
474500 0.00122535
474600 0.00112278
474700 0.00322786
474800 0.0011722
474900 0.00112755
475000 0.00115103
475100 0.00209879
475200 0.0011962
475300 0.00123763
475400 0.00119155
475500 0.00120614
475600 0.00119371
475700 0.00121089
475800 0.00123463
475900 0.00120051
476000 0.00126217
476100 0.0011665
476200 0.0011268
476300 0.00114376
476400 0.00116245
476500 0.00130364
476600 0.00112762
476700 0.00113208
476800 0.00115651
476900 0.0019845
477000 0.00112775
477100 0.00114062
477200 0.00113778
477300 0.00217439
477400 0.00113193
477500 0.00113931
477600 0.00113465
477700 0.00232549
477800 0.00127961
477900 0.00113935
478000 0.00112961
478100 0.00335168
478200 0.00116341
478300 0.00113503
478400 0.00114478
478500 0.00260678
478600 0.00115986
478700 0.00114309
478800 0.00115243
478900 0.00115093
479000 0.00117086
479100 0.00203438
479200 0.00127975
479300 0.00113377
479400 0.00118295
479500 0.00148165
479600 0.00113123
479700 0.00112971
479800 0.00115949
479900 0.00248755
480000 0.00114544
480100 0.00113481
480200 0.00113691
480300 0.00238312
480400 0.00113935
480500 0.00114454
480600 0.00113774
480700 0.00114115
480800 0.00120544
480900 0.00140263
481000 0.00121282
481100 0.0035418
481200 0.00121042
481300 0.00122759
481400 0.00122803
481500 0.0023963
481600 0.00117545
481700 0.00122834
481800 0.00113678
481900 0.00114647
482000 0.00119519
482100 0.00131192
482200 0.00117951
482300 0.00115437
482400 0.00126568
482500 0.00184354
482600 0.00113959
482700 0.0011799
482800 0.00117355
482900 0.00184504
483000 0.00120284
483100 0.00121131
483200 0.00117768
483300 0.0011789
483400 0.00119163
483500 0.00119342
483600 0.00119904
483700 0.00119192
483800 0.00117796
483900 0.00118672
484000 0.00114266
484100 0.00145627
484200 0.00123445
484300 0.00124005
484400 0.00120575
484500 0.00116872
484600 0.00121895
484700 0.00118999
484800 0.00124177
484900 0.00118451
485000 0.00138676
485100 0.00118833
485200 0.00118217
485300 0.00114912
485400 0.00120512
485500 0.00123392
485600 0.00121929
485700 0.00123137
485800 0.00122523
485900 0.00118963
486000 0.00118758
486100 0.0011586
486200 0.00114772
486300 0.00119431
486400 0.00119505
486500 0.00115804
486600 0.00115347
486700 0.00166414
486800 0.00123683
486900 0.00127225
487000 0.00115373
487100 0.00119253
487200 0.00118775
487300 0.00117645
487400 0.0011758
487500 0.00161687
487600 0.00118934
487700 0.00121205
487800 0.00119073
487900 0.00119717
488000 0.00120456
488100 0.00119009
488200 0.00119806
488300 0.00119586
488400 0.00119651
488500 0.0012076
488600 0.00115244
488700 0.0011828
488800 0.00116636
488900 0.00120623
489000 0.00123827
489100 0.00119759
489200 0.00118312
489300 0.00159443
489400 0.00122994
489500 0.00131187
489600 0.00120959
489700 0.00122951
489800 0.00119241
489900 0.00118816
490000 0.00158269
490100 0.00126684
490200 0.00131652
490300 0.00121423
490400 0.00181082
490500 0.00126446
490600 0.00123547
490700 0.00123405
490800 0.0012401
490900 0.00119715
491000 0.00120586
491100 0.00116514
491200 0.00127192
491300 0.00117992
491400 0.00119283
491500 0.00124323
491600 0.00120596
491700 0.00124315
491800 0.00121523
491900 0.00120015
492000 0.00120598
492100 0.00116504
492200 0.00121803
492300 0.00123058
492400 0.00121044
492500 0.00121449
492600 0.00117247
492700 0.00116565
492800 0.00120058
492900 0.00116581
493000 0.00117066
493100 0.0012067
493200 0.00119135
493300 0.00116976
493400 0.00133952
493500 0.00136234
493600 0.00133768
493700 0.00136603
493800 0.00132347
493900 0.00135568
494000 0.00132076
